bar.k     = 170;
bar.rho   = 2300;
bar.cv    = 711;
bar.E     = 1.58e+11;
bar.alpha = 0.0025;
bar.T0    = 273;
bar.L     = 4.5e-05;
