light.Q = 1e+08;
light.f = 100000;
