light.Q = 10000;
light.f = 1.15741e-05;
