dx=   0.333333333333333D-002;L=   0.100000000000000     ;N=          30;
cond=    400.000000000000     ;rhoc=    3417600.00000000     ;
h=    1000.00000000000     ;Tf=    100.000000000000     ;
dt=    2.00000000000000     ;A=    1.00000000000000     ;
theta=    1.00000000000000     ;
u(           1,           1)=   0.000000000000000     ;
t(           1)=   0.000000000000000     ;
u(           2,           1)=   0.000000000000000     ;
t(           1)=   0.000000000000000     ;
u(           3,           1)=   0.000000000000000     ;
t(           1)=   0.000000000000000     ;
u(           4,           1)=   0.000000000000000     ;
t(           1)=   0.000000000000000     ;
u(           5,           1)=   0.000000000000000     ;
t(           1)=   0.000000000000000     ;
u(           6,           1)=   0.000000000000000     ;
t(           1)=   0.000000000000000     ;
u(           7,           1)=   0.000000000000000     ;
t(           1)=   0.000000000000000     ;
u(           8,           1)=   0.000000000000000     ;
t(           1)=   0.000000000000000     ;
u(           9,           1)=   0.000000000000000     ;
t(           1)=   0.000000000000000     ;
u(          10,           1)=   0.000000000000000     ;
t(           1)=   0.000000000000000     ;
u(          11,           1)=   0.000000000000000     ;
t(           1)=   0.000000000000000     ;
u(          12,           1)=   0.000000000000000     ;
t(           1)=   0.000000000000000     ;
u(          13,           1)=   0.000000000000000     ;
t(           1)=   0.000000000000000     ;
u(          14,           1)=   0.000000000000000     ;
t(           1)=   0.000000000000000     ;
u(          15,           1)=   0.000000000000000     ;
t(           1)=   0.000000000000000     ;
u(          16,           1)=   0.000000000000000     ;
t(           1)=   0.000000000000000     ;
u(          17,           1)=   0.000000000000000     ;
t(           1)=   0.000000000000000     ;
u(          18,           1)=   0.000000000000000     ;
t(           1)=   0.000000000000000     ;
u(          19,           1)=   0.000000000000000     ;
t(           1)=   0.000000000000000     ;
u(          20,           1)=   0.000000000000000     ;
t(           1)=   0.000000000000000     ;
u(          21,           1)=   0.000000000000000     ;
t(           1)=   0.000000000000000     ;
u(          22,           1)=   0.000000000000000     ;
t(           1)=   0.000000000000000     ;
u(          23,           1)=   0.000000000000000     ;
t(           1)=   0.000000000000000     ;
u(          24,           1)=   0.000000000000000     ;
t(           1)=   0.000000000000000     ;
u(          25,           1)=   0.000000000000000     ;
t(           1)=   0.000000000000000     ;
u(          26,           1)=   0.000000000000000     ;
t(           1)=   0.000000000000000     ;
u(          27,           1)=   0.000000000000000     ;
t(           1)=   0.000000000000000     ;
u(          28,           1)=   0.000000000000000     ;
t(           1)=   0.000000000000000     ;
u(          29,           1)=   0.000000000000000     ;
t(           1)=   0.000000000000000     ;
u(          30,           1)=   0.000000000000000     ;
t(           1)=   0.000000000000000     ;
u(          31,           1)=   0.000000000000000     ;
t(           1)=   0.000000000000000     ;
u(           1,           2)=    3.67704316862548     ;
t(           2)=    2.00000000000000     ;
u(           2,           2)=    2.95591543124367     ;
t(           2)=    2.00000000000000     ;
u(           3,           2)=    2.37621398543826     ;
t(           2)=    2.00000000000000     ;
u(           4,           2)=    1.91020291399213     ;
t(           2)=    2.00000000000000     ;
u(           5,           2)=    1.53558583556382     ;
t(           2)=    2.00000000000000     ;
u(           6,           2)=    1.23443913041667     ;
t(           2)=    2.00000000000000     ;
u(           7,           2)=   0.992354381693006     ;
t(           2)=    2.00000000000000     ;
u(           8,           2)=   0.797749002185725     ;
t(           2)=    2.00000000000000     ;
u(           9,           2)=   0.641312063424541     ;
t(           2)=    2.00000000000000     ;
u(          10,           2)=   0.515558812672379     ;
t(           2)=    2.00000000000000     ;
u(          11,           2)=   0.414472563619622     ;
t(           2)=    2.00000000000000     ;
u(          12,           2)=   0.333216826973716     ;
t(           2)=    2.00000000000000     ;
u(          13,           2)=   0.267903907781800     ;
t(           2)=    2.00000000000000     ;
u(          14,           2)=   0.215408897984693     ;
t(           2)=    2.00000000000000     ;
u(          15,           2)=   0.173220164643445     ;
t(           2)=    2.00000000000000     ;
u(          16,           2)=   0.139319180421415     ;
t(           2)=    2.00000000000000     ;
u(          17,           2)=   0.112083946790285     ;
t(           2)=    2.00000000000000     ;
u(          18,           2)=   0.902113892263539D-001;
t(           2)=    2.00000000000000     ;
u(          19,           2)=   0.726550113817023D-001;
t(           2)=    2.00000000000000     ;
u(          20,           2)=   0.585748252831154D-001;
t(           2)=    2.00000000000000     ;
u(          21,           2)=   0.472971619603715D-001;
t(           2)=    2.00000000000000     ;
u(          22,           2)=   0.382824396363588D-001;
t(           2)=    2.00000000000000     ;
u(          23,           2)=   0.310993473424344D-001;
t(           2)=    2.00000000000000     ;
u(          24,           2)=   0.254042087695797D-001;
t(           2)=    2.00000000000000     ;
u(          25,           2)=   0.209245390151961D-001;
t(           2)=    2.00000000000000     ;
u(          26,           2)=   0.174460074952105D-001;
t(           2)=    2.00000000000000     ;
u(          27,           2)=   0.148021832597371D-001;
t(           2)=    2.00000000000000     ;
u(          28,           2)=   0.128665720751284D-001;
t(           2)=    2.00000000000000     ;
u(          29,           2)=   0.115465642852081D-001;
t(           2)=    2.00000000000000     ;
u(          30,           2)=   0.107790038860505D-001;
t(           2)=    2.00000000000000     ;
u(          31,           2)=   0.105271668159091D-001;
t(           2)=    2.00000000000000     ;
u(           1,           3)=    5.45503432789365     ;
t(           3)=    4.00000000000000     ;
u(           2,           3)=    4.70916150972248     ;
t(           3)=    4.00000000000000     ;
u(           3,           3)=    4.04604529633202     ;
t(           3)=    4.00000000000000     ;
u(           4,           3)=    3.46191586519218     ;
t(           3)=    4.00000000000000     ;
u(           5,           3)=    2.95129961840520     ;
t(           3)=    4.00000000000000     ;
u(           6,           3)=    2.50783257839318     ;
t(           3)=    4.00000000000000     ;
u(           7,           3)=    2.12482029934323     ;
t(           3)=    4.00000000000000     ;
u(           8,           3)=    1.79561244070051     ;
t(           3)=    4.00000000000000     ;
u(           9,           3)=    1.51384317044059     ;
t(           3)=    4.00000000000000     ;
u(          10,           3)=    1.27357562609355     ;
t(           3)=    4.00000000000000     ;
u(          11,           3)=    1.06937882945870     ;
t(           3)=    4.00000000000000     ;
u(          12,           3)=   0.896358005438663     ;
t(           3)=    4.00000000000000     ;
u(          13,           3)=   0.750153638595117     ;
t(           3)=    4.00000000000000     ;
u(          14,           3)=   0.626920382074855     ;
t(           3)=    4.00000000000000     ;
u(          15,           3)=   0.523293780325633     ;
t(           3)=    4.00000000000000     ;
u(          16,           3)=   0.436350423904130     ;
