ua(           1,           1)=   0.113515259533847D-003;
ua(           2,           1)=  -0.113145221211641D-003;
ua(           3,           1)=   0.113524190056835D-003;
ua(           4,           1)=  -0.113162379847265D-003;
ua(           5,           1)=   0.113551744973517D-003;
ua(           6,           1)=  -0.113198261603165D-003;
ua(           7,           1)=   0.113600361362209D-003;
ua(           8,           1)=  -0.113256304548615D-003;
ua(           9,           1)=   0.113674647023165D-003;
ua(          10,           1)=  -0.113342550045470D-003;
ua(          11,           1)=   0.113782410973706D-003;
ua(          12,           1)=  -0.113467072257456D-003;
ua(          13,           1)=   0.113936650233959D-003;
ua(          14,           1)=  -0.113646749794194D-003;
ua(          15,           1)=   0.114159454231433D-003;
ua(          16,           1)=  -0.113910855323307D-003;
ua(          17,           1)=   0.114490124014655D-003;
ua(          18,           1)=  -0.114313105292752D-003;
ua(          19,           1)=   0.115003514344902D-003;
ua(          20,           1)=  -0.114960324362756D-003;
ua(          21,           1)=   0.115856282159599D-003;
ua(          22,           1)=  -0.116089977136857D-003;
ua(          23,           1)=   0.117422774081888D-003;
ua(          24,           1)=  -0.118321495329310D-003;
ua(          25,           1)=   0.120792078486809D-003;
ua(          26,           1)=  -0.123727024367581D-003;
ua(          27,           1)=   0.130354502630992D-003;
ua(          28,           1)=  -0.143197777197068D-003;
ua(          29,           1)=   0.181212725361424D-003;
ua(          30,           1)=  -0.375437247795984D-003;
ua(          31,           1)=   0.338867494613870D-001;
t2(           1)=   0.000000000000000     ;
ua(           1,           2)=   0.832668880512699D-005;
ua(           2,           2)=   0.107515101349653D-004;
ua(           3,           2)=   0.192243218372079D-004;
ua(           4,           2)=   0.378037961296096D-004;
ua(           5,           2)=   0.749242959979801D-004;
ua(           6,           2)=   0.146351661589605D-003;
ua(           7,           2)=   0.280275541145181D-003;
ua(           8,           2)=   0.525604808920832D-003;
ua(           9,           2)=   0.964969935590698D-003;
ua(          10,           2)=   0.173441866335167D-002;
ua(          11,           2)=   0.305226045439200D-002;
ua(          12,           2)=   0.525986573577664D-002;
ua(          13,           2)=   0.887730212796034D-002;
ua(          14,           2)=   0.146762928616651D-001;
ua(          15,           2)=   0.237718961606459D-001;
ua(          16,           2)=   0.377323413362440D-001;
ua(          17,           2)=   0.587035261556762D-001;
ua(          18,           2)=   0.895408617561322D-001;
ua(          19,           2)=   0.133936768816340     ;
ua(          20,           2)=   0.196527782597677     ;
ua(          21,           2)=   0.282961769395429     ;
ua(          22,           2)=   0.399904197396420     ;
ua(          23,           2)=   0.554963709249937     ;
ua(          24,           2)=   0.756522098964257     ;
ua(          25,           2)=    1.01346235443727     ;
ua(          26,           2)=    1.33480011465614     ;
ua(          27,           2)=    1.72923734809038     ;
ua(          28,           2)=    2.20467026885491     ;
ua(          29,           2)=    2.76769411471844     ;
ua(          30,           2)=    3.42315318790690     ;
ua(          31,           2)=    4.17378391480237     ;
t2(           2)=    2.00000000000000     ;
ua(           1,           3)=   0.431258688616543D-002;
ua(           2,           3)=   0.465583271758996D-002;
ua(           3,           3)=   0.572488180520525D-002;
ua(           4,           3)=   0.764016438168647D-002;
ua(           5,           3)=   0.106106934955275D-001;
ua(           6,           3)=   0.149464215127654D-001;
ua(           7,           3)=   0.210753296836313D-001;
ua(           8,           3)=   0.295649639984547D-001;
ua(           9,           3)=   0.411479470182691D-001;
ua(          10,           3)=   0.567507508711595D-001;
ua(          11,           3)=   0.775247143177199D-001;
ua(          12,           3)=   0.104877939203671     ;
ua(          13,           3)=   0.140506331223722     ;
ua(          14,           3)=   0.186421688898383     ;
ua(          15,           3)=   0.244974433443257     ;
ua(          16,           3)=   0.318868356684024     ;
ua(          17,           3)=   0.411164691554050     ;
ua(          18,           3)=   0.525272923292541     ;
ua(          19,           3)=   0.664926092609536     ;
ua(          20,           3)=   0.834138912230339     ;
ua(          21,           3)=    1.03714782162031     ;
ua(          22,           3)=    1.27833311277232     ;
ua(          23,           3)=    1.56212441823586     ;
ua(          24,           3)=    1.89289208260169     ;
ua(          25,           3)=    2.27482814317436     ;
ua(          26,           3)=    2.71182171684923     ;
ua(          27,           3)=    3.20733442076714     ;
ua(          28,           3)=    3.76428194881493     ;
ua(          29,           3)=    4.38492801299293     ;
ua(          30,           3)=    5.07079650034571     ;
ua(          31,           3)=    5.82260689515412     ;
t2(           3)=    4.00000000000000     ;
ua(           1,           4)=   0.428889379299413D-001;
ua(           2,           4)=   0.445258689901973D-001;
ua(           3,           4)=   0.495150522677124D-001;
ua(           4,           4)=   0.580926910006219D-001;
ua(           5,           4)=   0.706558238271010D-001;
ua(           6,           4)=   0.877671082284370D-001;
ua(           7,           4)=   0.110160990519714     ;
ua(           8,           4)=   0.138750750059086     ;
ua(           9,           4)=   0.174635780828972     ;
ua(          10,           4)=   0.219108367206367     ;
ua(          11,           4)=   0.273659128159515     ;
ua(          12,           4)=   0.339980251231145     ;
ua(          13,           4)=   0.419965620433499     ;
ua(          14,           4)=   0.515706966022955     ;
ua(          15,           4)=   0.629485233402111     ;
ua(          16,           4)=   0.763756485745609     ;
ua(          17,           4)=   0.921131820688642     ;
ua(          18,           4)=    1.10435099303980     ;
ua(          19,           4)=    1.31624968731190     ;
ua(          20,           4)=    1.55972066692840     ;
ua(          21,           4)=    1.83766932915987     ;
ua(          22,           4)=    2.15296450138219     ;
ua(          23,           4)=    2.50838560838356     ;
ua(          24,           4)=    2.90656760449579     ;
ua(          25,           4)=    3.34994528083559     ;
ua(          26,           4)=    3.84069871099526     ;
ua(          27,           4)=    4.38070167502216     ;
ua(          28,           4)=    4.97147489235287     ;
ua(          29,           4)=    5.61414579532069     ;
ua(          30,           4)=    6.30941638722515     ;
ua(          31,           4)=    7.05754045973119     ;
t2(           4)=    6.00000000000000     ;
ua(           1,           5)=   0.148444926598970     ;
ua(           2,           5)=   0.151859383235359     ;
ua(           3,           5)=   0.162189039644345     ;
ua(           4,           5)=   0.179692614009735     ;
ua(           5,           5)=   0.204800797491933     ;
ua(           6,           5)=   0.238115375568679     ;
ua(           7,           5)=   0.280407764188620     ;
ua(           8,           5)=   0.332616741196620     ;
ua(           9,           5)=   0.395845110538093     ;
ua(          10,           5)=   0.471355007782387     ;
ua(          11,           5)=   0.560561542674776     ;
ua(          12,           5)=   0.665024479314569     ;
ua(          13,           5)=   0.786437678074370     ;
