# fichier crée par 'gendon'
#
x(1)=0.823846;
y(1)=0.017958;
x(2)=0.802634;
y(2)=0.009261;
x(3)=0.798926;
y(3)=0.008514;
x(4)=0.795206;
y(4)=0.009197;
x(5)=0.775640;
y(5)=0.016829;
x(6)=0.773815;
y(6)=0.017347;
x(7)=0.771924;
y(7)=0.017512;
x(8)=0.675775;
y(8)=0.016719;
x(9)=0.673887;
y(9)=0.016523;
x(10)=0.672071;
y(10)=0.015974;
x(11)=0.652633;
y(11)=0.008021;
x(12)=0.648925;
y(12)=0.007276;
x(13)=0.645205;
y(13)=0.007962;
x(14)=0.625645;
y(14)=0.015608;
x(15)=0.623819;
y(15)=0.016128;
x(16)=0.621929;
y(16)=0.016294;
x(17)=0.525779;
y(17)=0.015570;
x(18)=0.523892;
y(18)=0.015376;
x(19)=0.522074;
y(19)=0.014828;
x(20)=0.502631;
y(20)=0.006889;
x(21)=0.498922;
y(21)=0.006147;
x(22)=0.495203;
y(22)=0.006835;
x(23)=0.475648;
y(23)=0.014495;
x(24)=0.473823;
y(24)=0.015017;
x(25)=0.471933;
y(25)=0.015184;
x(26)=0.375783;
y(26)=0.014529;
x(27)=0.373895;
y(27)=0.014336;
x(28)=0.372077;
y(28)=0.013790;
x(29)=0.352628;
y(29)=0.005864;
x(30)=0.348919;
y(30)=0.005125;
x(31)=0.345201;
y(31)=0.005816;
x(32)=0.325651;
y(32)=0.013490;
x(33)=0.323827;
y(33)=0.014013;
x(34)=0.321936;
y(34)=0.014181;
x(35)=0.225786;
y(35)=0.013595;
x(36)=0.223898;
y(36)=0.013403;
x(37)=0.222080;
y(37)=0.012859;
x(38)=0.202625;
y(38)=0.004947;
x(39)=0.198915;
y(39)=0.004210;
x(40)=0.195197;
y(40)=0.004904;
x(41)=0.175653;
y(41)=0.012592;
x(42)=0.173829;
y(42)=0.013116;
x(43)=0.171939;
y(43)=0.013286;
x(44)=0.075788;
y(44)=0.012769;
x(45)=0.073900;
y(45)=0.012579;
x(46)=0.072082;
y(46)=0.012035;
x(47)=0.052621;
y(47)=0.004138;
x(48)=0.048911;
y(48)=0.003404;
x(49)=0.045194;
y(49)=0.004100;
x(50)=0.025655;
y(50)=0.011802;
x(51)=0.023831;
y(51)=0.012328;
x(52)=0.021941;
y(52)=0.012499;
x(53)=-0.074210;
y(53)=0.012051;
x(54)=-0.076098;
y(54)=0.011862;
x(55)=-0.077917;
y(55)=0.011320;
x(56)=-0.097383;
y(56)=0.003436;
x(57)=-0.101094;
y(57)=0.002705;
x(58)=-0.104811;
y(58)=0.003404;
x(59)=-0.124344;
y(59)=0.011120;
x(60)=-0.126167;
y(60)=0.011647;
x(61)=-0.128057;
y(61)=0.011819;
x(62)=-0.224209;
y(62)=0.011440;
x(63)=-0.226097;
y(63)=0.011253;
x(64)=-0.227916;
y(64)=0.010712;
x(65)=-0.247388;
y(65)=0.002842;
x(66)=-0.251099;
y(66)=0.002114;
x(67)=-0.254816;
y(67)=0.002815;
x(68)=-0.274343;
y(68)=0.010545;
x(69)=-0.276166;
y(69)=0.011073;
x(70)=-0.278056;
y(70)=0.011247;
x(71)=-0.374208;
y(71)=0.010937;
x(72)=-0.376097;
y(72)=0.010751;
x(73)=-0.377916;
y(73)=0.010211;
x(74)=-0.397393;
y(74)=0.002356;
x(75)=-0.401105;
y(75)=0.001630;
x(76)=-0.404821;
y(76)=0.002334;
x(77)=-0.424343;
y(77)=0.010078;
x(78)=-0.426166;
y(78)=0.010608;
x(79)=-0.428056;
y(79)=0.010783;
x(80)=-0.524207;
y(80)=0.010542;
x(81)=-0.526096;
y(81)=0.010357;
x(82)=-0.527916;
y(82)=0.009819;
x(83)=-0.547399;
y(83)=0.001977;
x(84)=-0.551111;
y(84)=0.001254;
x(85)=-0.554827;
y(85)=0.001961;
x(86)=-0.574343;
y(86)=0.009719;
x(87)=-0.576166;
y(87)=0.010250;
x(88)=-0.578055;
y(88)=0.010426;
x(89)=-0.674207;
y(89)=0.010254;
x(90)=-0.676096;
y(90)=0.010071;
x(91)=-0.677916;
y(91)=0.009534;
x(92)=-0.697405;
y(92)=0.001706;
x(93)=-0.701118;
y(93)=0.000986;
x(94)=-0.704833;
y(94)=0.001695;
x(95)=-0.724344;
y(95)=0.009467;
x(96)=-0.726165;
y(96)=0.009999;
x(97)=-0.728055;
y(97)=0.010177;
x(98)=-0.824207;
y(98)=0.010074;
x(99)=-0.826096;
y(99)=0.009892;
x(100)=-0.827917;
y(100)=0.009357;
x(101)=-0.847411;
y(101)=0.001543;
x(102)=-0.851124;
y(102)=0.000825;
x(103)=-0.854839;
y(103)=0.001537;
x(104)=-0.874344;
y(104)=0.009323;
x(105)=-0.876166;
y(105)=0.009857;
x(106)=-0.878055;
y(106)=0.010036;
x(107)=-0.974207;
y(107)=0.010002;
x(108)=-0.976096;
y(108)=0.009821;
x(109)=-0.977917;
y(109)=0.009287;
x(110)=-0.997417;
y(110)=0.001487;
x(111)=-1.001131;
y(111)=0.000772;
x(112)=-1.004845;
y(112)=0.001487;
x(113)=-1.024345;
y(113)=0.009287;
x(114)=-1.026166;
y(114)=0.009822;
x(115)=-1.028055;
y(115)=0.010002;
x(116)=-1.124207;
y(116)=0.010037;
x(117)=-1.126096;
y(117)=0.009858;
x(118)=-1.127918;
y(118)=0.009325;
x(119)=-1.147423;
y(119)=0.001539;
x(120)=-1.151138;
y(120)=0.000826;
x(121)=-1.154851;
y(121)=0.001544;
x(122)=-1.174345;
y(122)=0.009358;
x(123)=-1.176166;
y(123)=0.009894;
x(124)=-1.178055;
y(124)=0.010076;
x(125)=-1.274207;
y(125)=0.010180;
x(126)=-1.276096;
y(126)=0.010002;
x(127)=-1.277918;
y(127)=0.009470;
x(128)=-1.297429;
y(128)=0.001699;
x(129)=-1.301144;
y(129)=0.000989;
x(130)=-1.304857;
y(130)=0.001709;
x(131)=-1.324345;
y(131)=0.009537;
x(132)=-1.326166;
y(132)=0.010074;
x(133)=-1.328055;
y(133)=0.010258;
x(134)=-1.424207;
y(134)=0.010431;
x(135)=-1.426096;
y(135)=0.010254;
x(136)=-1.427919;
y(136)=0.009724;
x(137)=-1.447435;
y(137)=0.001966;
x(138)=-1.451151;
y(138)=0.001259;
x(139)=-1.454863;
y(139)=0.001982;
x(140)=-1.474346;
y(140)=0.009824;
x(141)=-1.476166;
y(141)=0.010362;
x(142)=-1.478054;
y(142)=0.010547;
x(143)=-1.574206;
y(143)=0.010789;
x(144)=-1.576096;
y(144)=0.010614;
x(145)=-1.577919;
y(145)=0.010085;
x(146)=-1.597441;
y(146)=0.002341;
x(147)=-1.601157;
y(147)=0.001636;
x(148)=-1.604868;
y(148)=0.002362;
x(149)=-1.624346;
y(149)=0.010218;
x(150)=-1.626165;
y(150)=0.010758;
x(151)=-1.628054;
y(151)=0.010944;
x(152)=-1.724206;
y(152)=0.011255;
x(153)=-1.726095;
y(153)=0.011081;
x(154)=-1.727918;
y(154)=0.010553;
x(155)=-1.747446;
y(155)=0.002824;
x(156)=-1.751162;
y(156)=0.002122;
x(157)=-1.754874;
y(157)=0.002850;
x(158)=-1.774345;
y(158)=0.010720;
x(159)=-1.776165;
y(159)=0.011261;
x(160)=-1.778053;
y(160)=0.011449;
x(161)=-1.874204;
y(161)=0.011829;
x(162)=-1.876094;
y(162)=0.011656;
x(163)=-1.877918;
y(163)=0.011130;
x(164)=-1.897451;
y(164)=0.003414;
x(165)=-1.901168;
y(165)=0.002715;
x(166)=-1.904879;
y(166)=0.003446;
x(167)=-1.924345;
y(167)=0.011330;
x(168)=-1.926163;
y(168)=0.011872;
x(169)=-1.928052;
y(169)=0.012061;
x(170)=-2.024203;
y(170)=0.012510;
x(171)=-2.026093;
y(171)=0.012339;
x(172)=-2.027917;
y(172)=0.011813;
x(173)=-2.047455;
y(173)=0.004112;
x(174)=-2.051173;
y(174)=0.003415;
x(175)=-2.054883;
y(175)=0.004149;
x(176)=-2.074343;
y(176)=0.012047;
x(177)=-2.076162;
y(177)=0.012591;
x(178)=-2.078050;
y(178)=0.012781;
x(179)=-2.174201;
y(179)=0.013299;
x(180)=-2.176091;
y(180)=0.013129;
x(181)=-2.177915;
y(181)=0.012605;
x(182)=-2.197459;
y(182)=0.004917;
x(183)=-2.201177;
y(183)=0.004223;
x(184)=-2.204887;
y(184)=0.004960;
x(185)=-2.224342;
y(185)=0.012872;
x(186)=-2.226160;
y(186)=0.013417;
x(187)=-2.228048;
y(187)=0.013608;
x(188)=-2.324198;
y(188)=0.014195;
x(189)=-2.326088;
y(189)=0.014027;
x(190)=-2.327913;
y(190)=0.013504;
x(191)=-2.347463;
y(191)=0.005831;
x(192)=-2.351181;
y(192)=0.005139;
x(193)=-2.354890;
y(193)=0.005879;
x(194)=-2.374339;
y(194)=0.013804;
x(195)=-2.376157;
y(195)=0.014351;
x(196)=-2.378045;
y(196)=0.014544;
x(197)=-2.474195;
y(197)=0.015200;
x(198)=-2.476085;
y(198)=0.015032;
x(199)=-2.477910;
y(199)=0.014511;
x(200)=-2.497465;
y(200)=0.006851;
x(201)=-2.501184;
y(201)=0.006163;
x(202)=-2.504893;
y(202)=0.006905;
x(203)=-2.524336;
y(203)=0.014845;
x(204)=-2.526153;
y(204)=0.015392;
x(205)=-2.528041;
y(205)=0.015586;
x(206)=-2.624191;
y(206)=0.016312;
x(207)=-2.626081;
y(207)=0.016146;
x(208)=-2.627906;
y(208)=0.015626;
x(209)=-2.647467;
y(209)=0.007980;
x(210)=-2.651187;
y(210)=0.007294;
x(211)=-2.654895;
y(211)=0.008039;
x(212)=-2.674332;
y(212)=0.015992;
x(213)=-2.676149;
y(213)=0.016541;
x(214)=-2.678037;
y(214)=0.016737;
x(215)=-2.774186;
y(215)=0.017531;
x(216)=-2.776076;
y(216)=0.017367;
x(217)=-2.777902;
y(217)=0.016848;
x(218)=-2.797468;
y(218)=0.009216;
x(219)=-2.801188;
y(219)=0.008533;
x(220)=-2.804896;
y(220)=0.009280;
x(221)=-2.824328;
y(221)=0.017248;
x(222)=-2.826144;
y(222)=0.017798;
x(223)=-2.828032;
y(223)=0.017995;
x(224)=-2.924180;
y(224)=0.018858;
x(225)=-2.926071;
y(225)=0.018695;
x(226)=-2.927897;
y(226)=0.018178;
x(227)=-2.947468;
y(227)=0.010560;
x(228)=-2.951189;
y(228)=0.009880;
x(229)=-2.954896;
y(229)=0.010629;
x(230)=-2.974322;
y(230)=0.018611;
x(231)=-2.976138;
y(231)=0.019163;
x(232)=-2.978025;
y(232)=0.019361;
x(233)=-3.074173;
y(233)=0.020293;
x(234)=-3.076064;
y(234)=0.020131;
x(235)=-3.077890;
y(235)=0.019615;
