time(2470)=0.0;
time(1)= 0.00000000e+00;
time(2)= 1.00000000e-02;
time(3)= 2.00000000e-02;
time(4)= 3.41421356e-02;
time(5)= 5.41421356e-02;
time(6)= 8.24264069e-02;
time(7)= 1.00000000e-01;
time(8)= 1.56568542e-01;
time(9)= 2.00000000e-01;
time(10)= 3.00000000e-01;
time(11)= 4.00000000e-01;
time(12)= 5.00000000e-01;
time(13)= 6.00000000e-01;
time(14)= 7.00000000e-01;
time(15)= 8.00000000e-01;
time(16)= 9.00000000e-01;
time(17)= 1.00000000e+00;
time(18)= 1.04500000e+00;
time(19)= 1.09000000e+00;
time(20)= 1.09500000e+00;
time(21)= 1.09735702e+00;
time(22)= 1.09846813e+00;
time(23)= 1.10003948e+00;
time(24)= 1.10012179e+00;
time(25)= 1.10022467e+00;
time(26)= 1.10037016e+00;
time(27)= 1.10057592e+00;
time(28)= 1.10086691e+00;
time(29)= 1.10127844e+00;
time(30)= 1.10186042e+00;
time(31)= 1.10268346e+00;
time(32)= 1.10384742e+00;
time(33)= 1.10549352e+00;
time(34)= 1.10755113e+00;
time(35)= 1.11012315e+00;
time(36)= 1.11333817e+00;
time(37)= 1.11655319e+00;
time(38)= 1.12057196e+00;
time(39)= 1.12559543e+00;
time(40)= 1.12726992e+00;
time(41)= 1.12963801e+00;
time(42)= 1.13259812e+00;
time(43)= 1.13500000e+00;
time(44)= 1.13962517e+00;
time(45)= 1.14540663e+00;
time(46)= 1.14759182e+00;
time(47)= 1.15032330e+00;
time(48)= 1.15305478e+00;
time(49)= 1.15646914e+00;
time(50)= 1.15988349e+00;
time(51)= 1.16329785e+00;
time(52)= 1.16756579e+00;
time(53)= 1.17183373e+00;
time(54)= 1.17610167e+00;
time(55)= 1.18000000e+00;
time(56)= 1.18426794e+00;
time(57)= 1.18617662e+00;
time(58)= 1.18856248e+00;
time(59)= 1.19154479e+00;
time(60)= 1.19452711e+00;
time(61)= 1.19750942e+00;
time(62)= 1.20123732e+00;
time(63)= 1.20589719e+00;
time(64)= 1.21055706e+00;
time(65)= 1.21521692e+00;
time(66)= 1.21987679e+00;
time(67)= 1.22453666e+00;
time(68)= 1.22500000e+00;
time(69)= 1.23082484e+00;
time(70)= 1.23325185e+00;
time(71)= 1.23628562e+00;
time(72)= 1.23931939e+00;
time(73)= 1.24311160e+00;
time(74)= 1.24690381e+00;
time(75)= 1.25069602e+00;
time(76)= 1.25448823e+00;
time(77)= 1.25828044e+00;
time(78)= 1.26207265e+00;
time(79)= 1.26681291e+00;
time(80)= 1.27000000e+00;
time(81)= 1.27474026e+00;
time(82)= 1.27632035e+00;
time(83)= 1.27829546e+00;
time(84)= 1.28108869e+00;
time(85)= 1.28388191e+00;
time(86)= 1.28737345e+00;
time(87)= 1.29173786e+00;
time(88)= 1.29610228e+00;
time(89)= 1.30046670e+00;
time(90)= 1.30483112e+00;
time(91)= 1.30919553e+00;
time(92)= 1.31355995e+00;
time(93)= 1.31500000e+00;
time(94)= 1.32045552e+00;
time(95)= 1.32591104e+00;
time(96)= 1.32835083e+00;
time(97)= 1.33079061e+00;
time(98)= 1.33384034e+00;
time(99)= 1.33765250e+00;
time(100)= 1.34146466e+00;
time(101)= 1.34622986e+00;
time(102)= 1.34781826e+00;
time(103)= 1.34980376e+00;
time(104)= 1.35228564e+00;
time(105)= 1.35538798e+00;
time(106)= 1.35849033e+00;
time(107)= 1.36000000e+00;
time(108)= 1.36310234e+00;
time(109)= 1.36698028e+00;
time(110)= 1.37085821e+00;
time(111)= 1.37473614e+00;
time(112)= 1.37861407e+00;
time(113)= 1.38249200e+00;
time(114)= 1.38636993e+00;
time(115)= 1.39024786e+00;
time(116)= 1.39412579e+00;
time(117)= 1.39800372e+00;
time(118)= 1.40188166e+00;
time(119)= 1.40500000e+00;
time(120)= 1.40887793e+00;
time(121)= 1.41275586e+00;
time(122)= 1.41663379e+00;
time(123)= 1.42051172e+00;
time(124)= 1.42438966e+00;
time(125)= 1.42826759e+00;
time(126)= 1.43214552e+00;
time(127)= 1.43602345e+00;
time(128)= 1.43990138e+00;
time(129)= 1.44377931e+00;
time(130)= 1.44765724e+00;
time(131)= 1.45000000e+00;
time(132)= 1.45484741e+00;
time(133)= 1.45646322e+00;
time(134)= 1.45848297e+00;
time(135)= 1.46100767e+00;
time(136)= 1.46416354e+00;
time(137)= 1.46810837e+00;
time(138)= 1.47205321e+00;
time(139)= 1.47599804e+00;
time(140)= 1.47994288e+00;
time(141)= 1.48388771e+00;
time(142)= 1.48783255e+00;
time(143)= 1.49177739e+00;
time(144)= 1.49500000e+00;
time(145)= 1.49894484e+00;
time(146)= 1.50288967e+00;
time(147)= 1.50683451e+00;
time(148)= 1.51077934e+00;
time(149)= 1.51472418e+00;
time(150)= 1.51866901e+00;
time(151)= 1.52261385e+00;
time(152)= 1.52655868e+00;
time(153)= 1.53050352e+00;
time(154)= 1.53444835e+00;
time(155)= 1.53839319e+00;
time(156)= 1.54000000e+00;
time(157)= 1.54493104e+00;
time(158)= 1.54657473e+00;
time(159)= 1.54862933e+00;
time(160)= 1.55119758e+00;
time(161)= 1.55440790e+00;
time(162)= 1.55761821e+00;
time(163)= 1.56082853e+00;
time(164)= 1.56484142e+00;
time(165)= 1.56885431e+00;
time(166)= 1.57286721e+00;
time(167)= 1.57688010e+00;
time(168)= 1.58089300e+00;
time(169)= 1.58490589e+00;
time(170)= 1.58500000e+00;
time(171)= 1.59067509e+00;
time(172)= 1.59256679e+00;
time(173)= 1.59493141e+00;
time(174)= 1.59788718e+00;
time(175)= 1.60084296e+00;
time(176)= 1.60453768e+00;
time(177)= 1.60823240e+00;
time(178)= 1.61192712e+00;
time(179)= 1.61562184e+00;
time(180)= 1.61931656e+00;
time(181)= 1.62301128e+00;
time(182)= 1.62670600e+00;
time(183)= 1.63000000e+00;
time(184)= 1.63369472e+00;
time(185)= 1.63738944e+00;
time(186)= 1.64108416e+00;
time(187)= 1.64477888e+00;
time(188)= 1.64847360e+00;
time(189)= 1.65216832e+00;
time(190)= 1.65586304e+00;
time(191)= 1.65955776e+00;
time(192)= 1.66325248e+00;
time(193)= 1.66694720e+00;
time(194)= 1.67064192e+00;
time(195)= 1.67433664e+00;
time(196)= 1.67500000e+00;
time(197)= 1.67961840e+00;
time(198)= 1.68423680e+00;
time(199)= 1.68885520e+00;
time(200)= 1.69347360e+00;
time(201)= 1.69809200e+00;
time(202)= 1.70271040e+00;
time(203)= 1.70732880e+00;
time(204)= 1.71194720e+00;
time(205)= 1.71656560e+00;
time(206)= 1.72000000e+00;
time(207)= 1.72461840e+00;
time(208)= 1.72923680e+00;
time(209)= 1.73385520e+00;
time(210)= 1.73847360e+00;
time(211)= 1.74309200e+00;
time(212)= 1.74771040e+00;
time(213)= 1.75232880e+00;
time(214)= 1.75694720e+00;
time(215)= 1.76156560e+00;
time(216)= 1.76500000e+00;
time(217)= 1.76961840e+00;
time(218)= 1.77423680e+00;
time(219)= 1.77885520e+00;
time(220)= 1.78347360e+00;
time(221)= 1.78809200e+00;
time(222)= 1.79271040e+00;
time(223)= 1.79732880e+00;
time(224)= 1.80194720e+00;
time(225)= 1.80656560e+00;
time(226)= 1.81000000e+00;
time(227)= 1.81461840e+00;
time(228)= 1.81923680e+00;
time(229)= 1.82385520e+00;
time(230)= 1.82847360e+00;
time(231)= 1.83309200e+00;
time(232)= 1.83771040e+00;
time(233)= 1.84232880e+00;
time(234)= 1.84694720e+00;
time(235)= 1.85156560e+00;
time(236)= 1.85500000e+00;
time(237)= 1.85961840e+00;
time(238)= 1.86423680e+00;
time(239)= 1.86885520e+00;
time(240)= 1.87347360e+00;
time(241)= 1.87809200e+00;
time(242)= 1.88271040e+00;
time(243)= 1.88732880e+00;
time(244)= 1.89194720e+00;
time(245)= 1.89656560e+00;
time(246)= 1.90000000e+00;
time(247)= 1.90461840e+00;
time(248)= 1.90923680e+00;
time(249)= 1.91385520e+00;
time(250)= 1.91847360e+00;
time(251)= 1.92309200e+00;
time(252)= 1.92771040e+00;
time(253)= 1.93232880e+00;
time(254)= 1.93694720e+00;
time(255)= 1.94156560e+00;
time(256)= 1.94363101e+00;
time(257)= 1.94500000e+00;
time(258)= 1.94822720e+00;
time(259)= 1.95145441e+00;
time(260)= 1.95468161e+00;
time(261)= 1.95790882e+00;
time(262)= 1.96113602e+00;
time(263)= 1.96436323e+00;
time(264)= 1.96759043e+00;
time(265)= 1.97081764e+00;
time(266)= 1.97404484e+00;
time(267)= 1.97727205e+00;
time(268)= 1.98049925e+00;
time(269)= 1.98372646e+00;
time(270)= 1.98695366e+00;
time(271)= 1.99000000e+00;
time(272)= 1.99322720e+00;
time(273)= 1.99645441e+00;
time(274)= 1.99968161e+00;
time(275)= 2.00290882e+00;
time(276)= 2.00613602e+00;
time(277)= 2.00936323e+00;
time(278)= 2.01259043e+00;
time(279)= 2.01581764e+00;
time(280)= 2.01904484e+00;
time(281)= 2.02227205e+00;
time(282)= 2.02549925e+00;
time(283)= 2.02872646e+00;
time(284)= 2.03195366e+00;
time(285)= 2.03500000e+00;
time(286)= 2.03822720e+00;
time(287)= 2.04145441e+00;
time(288)= 2.04468161e+00;
time(289)= 2.04790882e+00;
time(290)= 2.05113602e+00;
time(291)= 2.05436323e+00;
time(292)= 2.05759043e+00;
time(293)= 2.06081764e+00;
time(294)= 2.06404484e+00;
time(295)= 2.06727205e+00;
time(296)= 2.07049925e+00;
time(297)= 2.07372646e+00;
time(298)= 2.07695366e+00;
time(299)= 2.08000000e+00;
