x(           1)=   0.000000000000000     ;
y(           1)=   0.000000000000000     ;
P(           1)=   0.000000000000000     ;
x(           2)=   0.772478512092029D-001;
y(           2)=   0.741746466434602D-002;
P(           2)=    90.0000000000000     ;
x(           3)=   0.154940655955516     ;
y(           3)=   0.148586743358962D-001;
P(           3)=    180.000000000000     ;
x(           4)=   0.233085377403641     ;
y(           4)=   0.223240016370449D-001;
P(           4)=    270.000000000000     ;
x(           5)=   0.311689152730963     ;
y(           5)=   0.298138287815814D-001;
P(           5)=    360.000000000000     ;
x(           6)=   0.390759361929556     ;
y(           6)=   0.373285477994830D-001;
P(           6)=    450.000000000000     ;
x(           7)=   0.470303517949374     ;
y(           7)=   0.448685608956738D-001;
P(           7)=    540.000000000000     ;
x(           8)=   0.550329355982060     ;
y(           8)=   0.524342808259342D-001;
P(           8)=    630.000000000000     ;
x(           9)=   0.630844819610214     ;
y(           9)=   0.600261312907566D-001;
P(           9)=    720.000000000000     ;
x(          10)=   0.711858048428393     ;
y(          10)=   0.676445473482909D-001;
P(          10)=    810.000000000000     ;
x(          11)=   0.793377469756945     ;
y(          11)=   0.752899758479518D-001;
P(          11)=    900.000000000000     ;
x(          12)=   0.875411642982373     ;
y(          12)=   0.829628758849215D-001;
P(          12)=    990.000000000000     ;
x(          13)=   0.957969506318881     ;
y(          13)=   0.906637192779880D-001;
P(          13)=    1080.00000000000     ;
x(          14)=    1.04106016885093     ;
y(          14)=   0.983929910715686D-001;
P(          14)=    1170.00000000000     ;
x(          15)=    1.12469290050088     ;
y(          15)=   0.106151190063435     ;
P(          15)=    1260.00000000000     ;
x(          16)=    1.20887749886589     ;
y(          16)=   0.113938829359767     ;
P(          16)=    1350.00000000000     ;
x(          17)=    1.29362390911546     ;
y(          17)=   0.121756436959469     ;
P(          17)=    1440.00000000000     ;
x(          18)=    1.37894228195972     ;
y(          18)=   0.129604556369580     ;
P(          18)=    1530.00000000000     ;
x(          19)=    1.46484311227928     ;
y(          19)=   0.137483747254608     ;
P(          19)=    1620.00000000000     ;
x(          20)=    1.55133741180654     ;
y(          20)=   0.145394586118638     ;
P(          20)=    1710.00000000000     ;
x(          21)=    1.63843630755012     ;
y(          21)=   0.153337667029336     ;
P(          21)=    1800.00000000000     ;
x(          22)=    1.72615139008949     ;
y(          22)=   0.161313602377428     ;
P(          22)=    1890.00000000000     ;
x(          23)=    1.81449460984432     ;
y(          23)=   0.169323023683969     ;
P(          23)=    1980.00000000000     ;
x(          24)=    1.90347821333401     ;
y(          24)=   0.177366582449784     ;
P(          24)=    2070.00000000000     ;
x(          25)=    1.99311494623559     ;
y(          25)=   0.185444951057020     ;
P(          25)=    2160.00000000000     ;
x(          26)=    2.08341781999423     ;
y(          26)=   0.193558823722612     ;
P(          26)=    2250.00000000000     ;
x(          27)=    2.17440075283350     ;
y(          27)=   0.201708917506609     ;
P(          27)=    2340.00000000000     ;
x(          28)=    2.26607746312621     ;
y(          28)=   0.209895973387114     ;
P(          28)=    2430.00000000000     ;
x(          29)=    2.35846254940230     ;
y(          29)=   0.218120757393493     ;
P(          29)=    2520.00000000000     ;
x(          30)=    2.45157083367452     ;
y(          30)=   0.226384061816028     ;
P(          30)=    2610.00000000000     ;
x(          31)=    2.54541818085027     ;
y(          31)=   0.234686706487107     ;
P(          31)=    2700.00000000000     ;
x(          32)=    2.64002071206588     ;
y(          32)=   0.243029540147215     ;
P(          32)=    2790.00000000000     ;
x(          33)=    2.73539477122719     ;
y(          33)=   0.251413441901657     ;
P(          33)=    2880.00000000000     ;
x(          34)=    2.83155816162360     ;
y(          34)=   0.259839322761788     ;
P(          34)=    2970.00000000000     ;
x(          35)=    2.92852834114906     ;
y(          35)=   0.268308127305849     ;
P(          35)=    3060.00000000000     ;
x(          36)=    3.02632401267246     ;
y(          36)=   0.276820835437923     ;
P(          36)=    3150.00000000000     ;
x(          37)=    3.12496490122267     ;
y(          37)=   0.285378464271540     ;
P(          37)=    3240.00000000000     ;
x(          38)=    3.22447088133826     ;
y(          38)=   0.293982070151541     ;
P(          38)=    3330.00000000000     ;
x(          39)=    3.32486285436478     ;
y(          39)=   0.302632750809917     ;
P(          39)=    3420.00000000000     ;
x(          40)=    3.42616253435004     ;
y(          40)=   0.311331647680514     ;
P(          40)=    3510.00000000000     ;
x(          41)=    3.52839255490880     ;
y(          41)=   0.320079948386543     ;
P(          41)=    3600.00000000000     ;
x(          42)=    3.63157669766292     ;
y(          42)=   0.328878889404172     ;
P(          42)=    3690.00000000000     ;
x(          43)=    3.73573926448766     ;
y(          43)=   0.337729758940225     ;
P(          43)=    3780.00000000000     ;
x(          44)=    3.84090623791036     ;
y(          44)=   0.346633900019117     ;
P(          44)=    3870.00000000000     ;
x(          45)=    3.94710420344987     ;
y(          45)=   0.355592713818679     ;
P(          45)=    3960.00000000000     ;
x(          46)=    4.05436154020041     ;
y(          46)=   0.364607663267914     ;
P(          46)=    4050.00000000000     ;
x(          47)=    4.16270666998197     ;
y(          47)=   0.373680276946360     ;
P(          47)=    4140.00000000000     ;
x(          48)=    4.27217052515264     ;
y(          48)=   0.382812153282347     ;
P(          48)=    4230.00000000000     ;
x(          49)=    4.38278584515627     ;
y(          49)=   0.392004965134789     ;
P(          49)=    4320.00000000000     ;
x(          50)=    4.49458526913179     ;
y(          50)=   0.401260464746665     ;
P(          50)=    4410.00000000000     ;
x(          51)=    4.60760411687384     ;
y(          51)=   0.410580489137521     ;
P(          51)=    4500.00000000000     ;
x(          52)=    4.72188010775382     ;
y(          52)=   0.419966965972769     ;
P(          52)=    4590.00000000000     ;
x(          53)=    4.83745187647381     ;
y(          53)=   0.429421919984840     ;
P(          53)=    4680.00000000000     ;
x(          54)=    4.95435967300241     ;
y(          54)=   0.438947479966835     ;
P(          54)=    4770.00000000000     ;
x(          55)=    5.07264729548774     ;
y(          55)=   0.448545886441192     ;
P(          55)=    4860.00000000000     ;
x(          56)=    5.19235963401639     ;
y(          56)=   0.458219500071358     ;
P(          56)=    4950.00000000000     ;
x(          57)=    5.31354481137802     ;
y(          57)=   0.467970810904136     ;
P(          57)=    5040.00000000000     ;
x(          58)=    5.43625341654172     ;
y(          58)=   0.477802448550064     ;
P(          58)=    5130.00000000000     ;
x(          59)=    5.56053959230015     ;
y(          59)=   0.487717193413311     ;
P(          59)=    5220.00000000000     ;
x(          60)=    5.68645927996814     ;
y(          60)=   0.497717989127886     ;
P(          60)=    5310.00000000000     ;
x(          61)=    5.81407279291845     ;
y(          61)=   0.507807956317941     ;
P(          61)=    5400.00000000000     ;
x(          62)=    5.94344469271861     ;
y(          62)=   0.517990407901777     ;
P(          62)=    5490.00000000000     ;
