x(           1)=   0.000000000000000     ;
y(           1)=   0.000000000000000     ;
P(           1)=   0.000000000000000     ;
x(           2)=   0.172266793261535     ;
y(           2)=   0.165155355234602D-001;
P(           2)=    200.000000000000     ;
x(           3)=   0.346773416383695     ;
y(           3)=   0.331506040605613D-001;
P(           3)=    400.000000000000     ;
x(           4)=   0.523600018799893     ;
y(           4)=   0.499094885945945D-001;
P(           4)=    600.000000000000     ;
x(           5)=   0.702831701265646     ;
y(           5)=   0.667967274303402D-001;
P(           5)=    800.000000000000     ;
x(           6)=   0.884558637733978     ;
y(           6)=   0.838171325004144D-001;
P(           6)=    1000.00000000000     ;
x(           7)=    1.06887690866198     ;
y(           7)=   0.100975813819386     ;
P(           7)=    1200.00000000000     ;
x(           8)=    1.25588876621381     ;
y(           8)=   0.118278205805169     ;
P(           8)=    1400.00000000000     ;
x(           9)=    1.44570304759136     ;
y(           9)=   0.135730096375020     ;
P(           9)=    1600.00000000000     ;
x(          10)=    1.63843629948689     ;
y(          10)=   0.153337661733376     ;
P(          10)=    1800.00000000000     ;
x(          11)=    1.83421287048234     ;
y(          11)=   0.171107501719065     ;
P(          11)=    2000.00000000000     ;
x(          12)=    2.03316649566423     ;
y(          12)=   0.189046685046762     ;
P(          12)=    2200.00000000000     ;
x(          13)=    2.23375565174072     ;
y(          13)=   0.207073029354149     ;
P(          13)=    2400.00000000000     ;
x(          14)=    2.43939558178461     ;
y(          14)=   0.225368320518782     ;
P(          14)=    2600.00000000000     ;
x(          15)=    2.64869725650568     ;
y(          15)=   0.243858708723540     ;
P(          15)=    2800.00000000000     ;
x(          16)=    2.86181389030626     ;
y(          16)=   0.262552096812358     ;
P(          16)=    3000.00000000000     ;
x(          17)=    3.07893875396427     ;
y(          17)=   0.281458681582454     ;
P(          17)=    3200.00000000000     ;
x(          18)=    3.30028312440556     ;
y(          18)=   0.300589559856968     ;
P(          18)=    3400.00000000000     ;
x(          19)=    3.52607709448096     ;
y(          19)=   0.319956808678778     ;
P(          19)=    3600.00000000000     ;
x(          20)=    3.75657235435940     ;
y(          20)=   0.339573611994332     ;
P(          20)=    3800.00000000000     ;
x(          21)=    3.99204420364833     ;
y(          21)=   0.359454402163770     ;
P(          21)=    4000.00000000000     ;
x(          22)=    4.23279579735326     ;
y(          22)=   0.379615038287933     ;
P(          22)=    4200.00000000000     ;
x(          23)=    4.47916240298012     ;
y(          23)=   0.400073016053959     ;
P(          23)=    4400.00000000000     ;
x(          24)=    4.73151510754411     ;
y(          24)=   0.420847704530088     ;
P(          24)=    4600.00000000000     ;
x(          25)=    4.99026722031380     ;
y(          25)=   0.441960645073171     ;
P(          25)=    4800.00000000000     ;
x(          26)=    5.25588124069744     ;
y(          26)=   0.463435909897779     ;
P(          26)=    5000.00000000000     ;
x(          27)=    5.52887802496118     ;
y(          27)=   0.485300546826229     ;
P(          27)=    5200.00000000000     ;
x(          28)=    5.80984583721532     ;
y(          28)=   0.507585103123854     ;
P(          28)=    5400.00000000000     ;
x(          29)=    6.09945511069251     ;
y(          29)=   0.530324314138931     ;
P(          29)=    5600.00000000000     ;
x(          30)=    6.39847397031716     ;
y(          30)=   0.553557940806254     ;
P(          30)=    5800.00000000000     ;
x(          31)=    6.70778912233353     ;
y(          31)=   0.577331844200861     ;
P(          31)=    6000.00000000000     ;
x(          32)=    7.02843492360057     ;
y(          32)=   0.601699407714080     ;
P(          32)=    6200.00000000000     ;
x(          33)=    7.36162842343179     ;
y(          33)=   0.626723366481390     ;
P(          33)=    6400.00000000000     ;
x(          34)=    7.70881739045630     ;
y(          34)=   0.652478262540737     ;
P(          34)=    6600.00000000000     ;
x(          35)=    8.07174806254181     ;
y(          35)=   0.679053835109381     ;
P(          35)=    6800.00000000000     ;
x(          36)=    8.46244713788733     ;
y(          36)=   0.707074605845024     ;
P(          36)=    7000.00000000000     ;
x(          37)=    8.86537621799015     ;
y(          37)=   0.735728402708424     ;
P(          37)=    7200.00000000000     ;
x(          38)=    9.29268598620647     ;
y(          38)=   0.765645406961942     ;
P(          38)=    7400.00000000000     ;
x(          39)=    9.74899276276487     ;
y(          39)=   0.797061469379825     ;
P(          39)=    7600.00000000000     ;
x(          40)=    10.2405702516501     ;
y(          40)=   0.830296574449936     ;
P(          40)=    7800.00000000000     ;
x(          41)=    10.7763202655840     ;
y(          41)=   0.865804060267707     ;
P(          41)=    8000.00000000000     ;
x(          42)=    11.3696359670909     ;
y(          42)=   0.904264753367811     ;
P(          42)=    8200.00000000000     ;
x(          43)=    12.0423702432590     ;
y(          43)=   0.946787826749494     ;
P(          43)=    8400.00000000000     ;
x(          44)=    12.8349566939281     ;
y(          44)=   0.995421649191168     ;
P(          44)=    8600.00000000000     ;
x(          45)=    13.8403968060060     ;
y(          45)=    1.05486898130144     ;
P(          45)=    8800.00000000000     ;
x(          46)=    15.4144311226449     ;
y(          46)=    1.14307879597750     ;
P(          46)=    9000.00000000001     ;
x(          47)=    86.3266879631677     ;
y(          47)=  -0.674956060828522     ;
P(          47)=    9200.00000000001     ;
x(          48)=    86.3442752260804     ;
y(          48)=  -0.677028761931842     ;
P(          48)=    9230.82494744663     ;
x(          49)=    86.4582824863377     ;
y(          49)=  -0.690470343958834     ;
P(          49)=    9430.82494744663     ;
x(          50)=    86.5712126254160     ;
y(          50)=  -0.703856914794738     ;
P(          50)=    9630.82494744663     ;
x(          51)=    86.6834406607720     ;
y(          51)=  -0.717207866551530     ;
P(          51)=    9830.82494744663     ;
x(          52)=    86.7949768060537     ;
y(          52)=  -0.730523674981417     ;
P(          52)=    10030.8249474466     ;
x(          53)=    86.9058346561995     ;
y(          53)=  -0.743804945164921     ;
P(          53)=    10230.8249474466     ;
x(          54)=    87.0160169463975     ;
y(          54)=  -0.757052427647771     ;
P(          54)=    10430.8249474466     ;
x(          55)=    87.1255503899506     ;
y(          55)=  -0.770266485646739     ;
P(          55)=    10630.8249474466     ;
x(          56)=    87.2344284298441     ;
y(          56)=  -0.783447970308806     ;
P(          56)=    10830.8249474466     ;
x(          57)=    87.3426690546297     ;
y(          57)=  -0.796597348843616     ;
P(          57)=    11030.8249474466     ;
x(          58)=    87.4502845255558     ;
y(          58)=  -0.809715141478824     ;
P(          58)=    11230.8249474466     ;
x(          59)=    87.5572751340634     ;
y(          59)=  -0.822802056022537     ;
P(          59)=    11430.8249474466     ;
x(          60)=    87.6636640472737     ;
y(          60)=  -0.835858404996684     ;
P(          60)=    11630.8249474466     ;
x(          61)=    87.7694472064063     ;
y(          61)=  -0.848884932887600     ;
P(          61)=    11830.8249474466     ;
x(          62)=    87.8746434976169     ;
y(          62)=  -0.861881990818851     ;
P(          62)=    12030.8249474466     ;
