xt(           1)=   0.000000000000000     ;
yt(           1)=   0.000000000000000     ;
Pt(           1)=   0.000000000000000     ;
xt(           2)=    1.00000000000000     ;
yt(           2)=   0.945761505452191D-001;
Pt(           2)=    1125.59826050653     ;
xt(           3)=    2.00000000000000     ;
yt(           3)=   0.186064451906225     ;
Pt(           3)=    2166.88558220600     ;
xt(           4)=    3.00000000000000     ;
yt(           4)=   0.274532218358163     ;
Pt(           4)=    3125.84992134306     ;
xt(           5)=    4.00000000000000     ;
yt(           5)=   0.360042760826139     ;
Pt(           5)=    4004.49764593124     ;
xt(           6)=    5.00000000000000     ;
yt(           6)=   0.442655664565116     ;
Pt(           6)=    4804.85221679330     ;
xt(           7)=    6.00000000000000     ;
yt(           7)=   0.522427040794031     ;
Pt(           7)=    5528.95298138009     ;
xt(           8)=    7.00000000000000     ;
yt(           8)=   0.599409755140577     ;
Pt(           8)=    6178.85406816388     ;
xt(           9)=    8.00000000000000     ;
yt(           9)=   0.673653635385622     ;
Pt(           9)=    6756.62337092698     ;
xt(          10)=    9.00000000000000     ;
yt(          10)=   0.745205660682067     ;
Pt(          10)=    7264.34161357371     ;
xt(          11)=    10.0000000000000     ;
yt(          11)=   0.814110134153422     ;
Pt(          11)=    7704.10148721706     ;
xt(          12)=    11.0000000000000     ;
yt(          12)=   0.880408840545457     ;
Pt(          12)=    8078.00685225989     ;
xt(          13)=    12.0000000000000     ;
yt(          13)=   0.944141190404102     ;
Pt(          13)=    8388.17199902800     ;
xt(          14)=    13.0000000000000     ;
yt(          14)=    1.00534435207944     ;
Pt(          14)=    8636.72096123853     ;
xt(          15)=    14.0000000000000     ;
yt(          15)=    1.06405337270516     ;
Pt(          15)=    8825.78687721838     ;
xt(          16)=    15.0000000000000     ;
yt(          16)=    1.12030128917178     ;
Pt(          16)=    8957.51139433740     ;
xt(          17)=    16.0000000000000     ;
yt(          17)=    1.17411922999767     ;
Pt(          17)=    9034.04411260169     ;
xt(          18)=    17.0000000000000     ;
yt(          18)=    1.22553650890160     ;
Pt(          18)=    9057.54206377314     ;
xt(          19)=    18.0000000000000     ;
yt(          19)=    1.27458071079272     ;
Pt(          19)=    9030.16922275019     ;
xt(          20)=    19.0000000000000     ;
yt(          20)=    1.32127777081664     ;
Pt(          20)=    8954.09604826969     ;
xt(          21)=    20.0000000000000     ;
yt(          21)=    1.36565204702784     ;
Pt(          21)=    8831.49905027502     ;
xt(          22)=    21.0000000000000     ;
yt(          22)=    1.40772638719842     ;
Pt(          22)=    8664.56038154810     ;
xt(          23)=    22.0000000000000     ;
yt(          23)=    1.44752219021956     ;
Pt(          23)=    8455.46745142527     ;
xt(          24)=    23.0000000000000     ;
yt(          24)=    1.48505946250469     ;
Pt(          24)=    8206.41255961425     ;
xt(          25)=    24.0000000000000     ;
yt(          25)=    1.52035686976059     ;
Pt(          25)=    7919.59254830367     ;
xt(          26)=    25.0000000000000     ;
yt(          26)=    1.55343178445499     ;
Pt(          26)=    7597.20847091128     ;
xt(          27)=    26.0000000000000     ;
yt(          27)=    1.58430032927514     ;
Pt(          27)=    7241.46527595413     ;
xt(          28)=    27.0000000000000     ;
yt(          28)=    1.61297741684118     ;
Pt(          28)=    6854.57150464568     ;
xt(          29)=    28.0000000000000     ;
yt(          29)=    1.63947678591071     ;
Pt(          29)=    6438.73900093247     ;
xt(          30)=    29.0000000000000     ;
yt(          30)=    1.66381103428577     ;
Pt(          30)=    5996.18263277896     ;
xt(          31)=    30.0000000000000     ;
yt(          31)=    1.68599164861101     ;
Pt(          31)=    5529.12002359373     ;
xt(          32)=    31.0000000000000     ;
yt(          32)=    1.70602903123098     ;
Pt(          32)=    5039.77129276502     ;
xt(          33)=    32.0000000000000     ;
yt(          33)=    1.72393252425571     ;
Pt(          33)=    4530.35880434012     ;
xt(          34)=    33.0000000000000     ;
yt(          34)=    1.73971043096607     ;
Pt(          34)=    4003.10692294069     ;
xt(          35)=    34.0000000000000     ;
yt(          35)=    1.75337003467950     ;
Pt(          35)=    3460.24177605573     ;
xt(          36)=    35.0000000000000     ;
yt(          36)=    1.76491761514573     ;
Pt(          36)=    2903.99102191011     ;
xt(          37)=    36.0000000000000     ;
yt(          37)=    1.77435846264312     ;
Pt(          37)=    2336.58362210473     ;
xt(          38)=    37.0000000000000     ;
yt(          38)=    1.78169688972660     ;
Pt(          38)=    1760.24961833006     ;
xt(          39)=    38.0000000000000     ;
yt(          39)=    1.78693624078991     ;
Pt(          39)=    1177.21991240054     ;
xt(          40)=    39.0000000000000     ;
yt(          40)=    1.79007889944600     ;
Pt(          40)=    589.726048934442     ;
xt(          41)=    40.0000000000000     ;
yt(          41)=    1.79112629377208     ;
Pt(          41)=   0.000000000000000     ;
xt(          42)=    41.0000000000000     ;
yt(          42)=    1.79007889944598     ;
Pt(          42)=   -589.726048934443     ;
xt(          43)=    42.0000000000000     ;
yt(          43)=    1.78693624078982     ;
Pt(          43)=   -1177.21991240055     ;
xt(          44)=    43.0000000000000     ;
yt(          44)=    1.78169688972631     ;
Pt(          44)=   -1760.24961833011     ;
xt(          45)=    44.0000000000000     ;
yt(          45)=    1.77435846264244     ;
Pt(          45)=   -2336.58362210489     ;
xt(          46)=    45.0000000000000     ;
yt(          46)=    1.76491761514439     ;
Pt(          46)=   -2903.99102191049     ;
xt(          47)=    46.0000000000000     ;
yt(          47)=    1.75337003467717     ;
Pt(          47)=   -3460.24177605653     ;
xt(          48)=    47.0000000000000     ;
yt(          48)=    1.73971043097080     ;
Pt(          48)=   -4003.10692293881     ;
xt(          49)=    48.0000000000000     ;
yt(          49)=    1.72393252425571     ;
Pt(          49)=   -4530.35880434012     ;
xt(          50)=    49.0000000000000     ;
yt(          50)=    1.70602903123098     ;
Pt(          50)=   -5039.77129276502     ;
xt(          51)=    50.0000000000000     ;
yt(          51)=    1.68599164861101     ;
Pt(          51)=   -5529.12002359373     ;
xt(          52)=    51.0000000000000     ;
yt(          52)=    1.66381103428577     ;
Pt(          52)=   -5996.18263277896     ;
xt(          53)=    52.0000000000000     ;
yt(          53)=    1.63947678591071     ;
Pt(          53)=   -6438.73900093247     ;
xt(          54)=    53.0000000000000     ;
yt(          54)=    1.61297741684118     ;
Pt(          54)=   -6854.57150464568     ;
xt(          55)=    54.0000000000000     ;
yt(          55)=    1.58430032927514     ;
Pt(          55)=   -7241.46527595413     ;
xt(          56)=    55.0000000000000     ;
yt(          56)=    1.55343178445499     ;
Pt(          56)=   -7597.20847091127     ;
xt(          57)=    56.0000000000000     ;
yt(          57)=    1.52035686976059     ;
Pt(          57)=   -7919.59254830367     ;
xt(          58)=    57.0000000000000     ;
yt(          58)=    1.48505946250469     ;
Pt(          58)=   -8206.41255961425     ;
xt(          59)=    58.0000000000000     ;
yt(          59)=    1.44752219021956     ;
Pt(          59)=   -8455.46745142527     ;
xt(          60)=    59.0000000000000     ;
yt(          60)=    1.40772638719841     ;
Pt(          60)=   -8664.56038154810     ;
xt(          61)=    60.0000000000000     ;
