x=[-22,...
 -21.45,...
 -20.9,...
 -20.35,...
 -19.8,...
 -19.25,...
 -18.7,...
 -18.15,...
 -17.6,...
 -17.05,...
 -16.5,...
 -15.95,...
 -15.4,...
 -14.85,...
 -14.3,...
 -13.75,...
 -13.2,...
 -12.65,...
 -12.1,...
 -11.55,...
 -11,...
 -10.45,...
 -9.9,...
 -9.35,...
 -8.8,...
 -8.25,...
 -7.7,...
 -7.15,...
 -6.6,...
 -6.05,...
 -5.5,...
 -4.95,...
 -4.4,...
 -3.85,...
 -3.3,...
 -2.75,...
 -2.2,...
 -1.65,...
 -1.1,...
 -0.55,...
 1.59872e-14,...
 0.55,...
 1.1,...
 1.65,...
 2.2,...
 2.75,...
 3.3,...
 3.85,...
 4.4,...
 4.95,...
 5.5,...
 6.05,...
 6.6,...
 7.15,...
 7.7,...
 8.25,...
 8.8,...
 9.35,...
 9.9,...
 10.45,...
 11,...
 11.55,...
 12.1,...
 12.65,...
 13.2,...
 13.75,...
 14.3,...
 14.85,...
 15.4,...
 15.95,...
 16.5,...
 17.05,...
 17.6,...
 18.15,...
 18.7,...
 19.25,...
 19.8,...
 20.35,...
 20.9,...
 21.45,...
 22];

grafic=[[0.00337505,...
 0.00337505,...
 0.00337505,...
 0.00337505,...
 0.00337505,...
 0.00337505,...
 0.00337505,...
 0.00337505,...
 0.00337505,...
 0.00337505,...
 0.00337505,...
 0.00337505,...
 0.00337505,...
 0.00337505,...
 0.00337505,...
 0.00337505,...
 0.00337505,...
 0.00337505,...
 0.00337505,...
 0.00337505,...
 0.00337505,...
 0.00337505,...
 0.00337505,...
 0.00337505,...
 0.00337505,...
 0.00337505,...
 0.00337505,...
 0.00337505,...
 0.00337505,...
 0.00337505,...
 0.00337505,...
 0.00337505,...
 0.00337505,...
 0.00337505,...
 0.00337505,...
 0.00337505,...
 0.00337505,...
 0.00337505,...
 0.00337505,...
 0.00337505,...
 0.00337505,...
 0.00337505,...
 0.00337505,...
 0.00337505,...
 0.00337505,...
 0.00337505,...
 0.00337505,...
 0.00337505,...
 0.00337505,...
 0.00337505,...
 0.00337505,...
 0.00337505,...
 0.00337505,...
 0.00337505,...
 0.00337505,...
 0.00337505,...
 0.00337505,...
 0.00337505,...
 0.00337505,...
 0.00337505,...
 0.00337505,...
 0.00337505,...
 0.00337505,...
 0.00337505,...
 0.00337505,...
 0.00337505,...
 0.00337505,...
 0.00337505,...
 0.00337505,...
 0.00337505,...
 0.00337505,...
 0.00337505,...
 0.00337505,...
 0.00337505,...
 0.00337505,...
 0.00337505,...
 0.00337505,...
 0.00337505,...
 0.00337505,...
 0.00337505,...
 0.00337505];
[-0.010379,...
 -0.0101196,...
 -0.00986009,...
 -0.00960061,...
 -0.00934114,...
 -0.00908166,...
 -0.00882218,...
 -0.00856271,...
 -0.00830323,...
 -0.00804376,...
 -0.00778428,...
 -0.0075248,...
 -0.00726533,...
 -0.00700585,...
 -0.00674638,...
 -0.0064869,...
 -0.00622742,...
 -0.00596795,...
 -0.00570847,...
 -0.005449,...
 -0.00518952,...
 -0.00493004,...
 -0.00467057,...
 -0.00441109,...
 -0.00415162,...
 -0.00389214,...
 -0.00363266,...
 -0.00337319,...
 -0.00311371,...
 -0.00285424,...
 -0.00259476,...
 -0.00233528,...
 -0.00207581,...
 -0.00181633,...
 -0.00155686,...
 -0.00129738,...
 -0.0010379,...
 -0.000778428,...
 -0.000518952,...
 -0.000259476,...
 7.54236e-18,...
 0.000259476,...
 0.000518952,...
 0.000778428,...
 0.0010379,...
 0.00129738,...
 0.00155686,...
 0.00181633,...
 0.00207581,...
 0.00233528,...
 0.00259476,...
 0.00285424,...
 0.00311371,...
 0.00337319,...
 0.00363266,...
 0.00389214,...
 0.00415162,...
 0.00441109,...
 0.00467057,...
 0.00493004,...
 0.00518952,...
 0.005449,...
 0.00570847,...
 0.00596795,...
 0.00622742,...
 0.0064869,...
 0.00674638,...
 0.00700585,...
 0.00726533,...
 0.0075248,...
 0.00778428,...
 0.00804376,...
 0.00830323,...
 0.00856271,...
 0.00882218,...
 0.00908166,...
 0.00934114,...
 0.00960061,...
 0.00986009,...
 0.0101196,...
 0.010379];
[0.0241589,...
 0.0223157,...
 0.0206623,...
 0.0191443,...
 0.0177276,...
 0.0163921,...
 0.015126,...
 0.0139228,...
 0.0127789,...
 0.0116922,...
 0.0106611,...
 0.00968442,...
 0.00876053,...
 0.00788775,...
 0.00706418,...
 0.00628776,...
 0.00555635,...
 0.00486776,...
 0.00421986,...
 0.00361061,...
 0.00303808,...
 0.00250048,...
 0.00199618,...
 0.00152374,...
 0.00108186,...
 0.000669431,...
 0.000285521,...
 -7.06475e-05,...
 -0.000399693,...
 -0.000702083,...
 -0.000978151,...
 -0.00122811,...
 -0.00145206,...
 -0.00165002,...
 -0.00182195,...
 -0.00196775,...
 -0.00208728,...
 -0.00218043,...
 -0.00224706,...
 -0.00228708,...
 -0.00230043,...
 -0.00228708,...
 -0.00224706,...
 -0.00218043,...
 -0.00208728,...
 -0.00196775,...
 -0.00182195,...
 -0.00165002,...
 -0.00145206,...
 -0.00122811,...
 -0.000978151,...
 -0.000702083,...
 -0.000399693,...
 -7.06475e-05,...
 0.000285521,...
 0.000669431,...
 0.00108186,...
 0.00152374,...
 0.00199618,...
 0.00250048,...
 0.00303808,...
 0.00361061,...
 0.00421986,...
 0.00486776,...
 0.00555635,...
 0.00628776,...
 0.00706418,...
 0.00788775,...
 0.00876053,...
 0.00968442,...
 0.0106611,...
 0.0116922,...
 0.0127789,...
 0.0139228,...
 0.015126,...
 0.0163921,...
 0.0177276,...
 0.0191443,...
 0.0206623,...
 0.0223157,...
 0.0241589];
[-0.0444556,...
 -0.0382483,...
 -0.0332425,...
 -0.0290774,...
 -0.0255086,...
 -0.0223737,...
 -0.0195666,...
 -0.0170191,...
 -0.0146876,...
 -0.012544,...
 -0.0105698,...
 -0.00875184,...
 -0.00708022,...
 -0.00554653,...
 -0.0041434,...
 -0.00286413,...
 -0.00170259,...
 -0.000653287,...
 0.000288602,...
 0.0011272,...
 0.00186594,...
 0.00250766,...
 0.00305468,...
 0.00350897,...
 0.00387232,...
 0.00414649,...
 0.00433341,...
 0.00443528,...
 0.00445474,...
 0.00439496,...
 0.00425966,...
 0.00405323,...
 0.00378066,...
 0.00344755,...
 0.00306011,...
 0.00262507,...
 0.00214961,...
 0.00164135,...
 0.00110819,...
 0.000558297,...
 -1.62692e-17,...
 -0.000558297,...
 -0.00110819,...
 -0.00164135,...
 -0.00214961,...
 -0.00262507,...
 -0.00306011,...
 -0.00344755,...
 -0.00378066,...
 -0.00405323,...
 -0.00425966,...
 -0.00439496,...
 -0.00445474,...
 -0.00443528,...
 -0.00433341,...
 -0.00414649,...
 -0.00387232,...
 -0.00350897,...
 -0.00305468,...
 -0.00250766,...
 -0.00186594,...
 -0.0011272,...
 -0.000288602,...
 0.000653287,...
 0.00170259,...
 0.00286413,...
 0.0041434,...
 0.00554653,...
 0.00708022,...
 0.00875184,...
 0.0105698,...
 0.012544,...
 0.0146876,...
 0.0170191,...
 0.0195666,...
 0.0223737,...
 0.0255086,...
 0.0290774,...
 0.0332425,...
 0.0382483,...
 0.0444556];
[0.0532157,...
 0.0411588,...
 0.0322736,...
 0.0254966,...
 0.0201466,...
 0.0157959,...
 0.0121804,...
 0.00913792,...
 0.0065669,...
 0.00440063,...
 0.00259098,...
 0.0010992,...
 -0.000108978,...
 -0.00106548,...
 -0.00180064,...
 -0.00234311,...
 -0.00271957,...
 -0.00295441,...
 -0.00306955,...
 -0.00308439,...
 -0.00301597,...
 -0.00287915,...
 -0.00268697,...
 -0.00245088,...
 -0.0021811,...
 -0.00188681,...
 -0.00157633,...
 -0.00125727,...
 -0.000936617,...
 -0.000620701,...
 -0.000315262,...
 -2.54091e-05,...
 0.000244381,...
 0.000490267,...
 0.000709027,...
 0.000898033,...
 0.0010552,...
 0.00117894,...
 0.0012681,...
 0.00132189,...
 0.00133987,...
 0.00132189,...
 0.0012681,...
 0.00117894,...
 0.0010552,...
 0.000898033,...
 0.000709027,...
 0.000490267,...
 0.000244381,...
 -2.54091e-05,...
 -0.000315262,...
 -0.000620701,...
 -0.000936617,...
 -0.00125727,...
 -0.00157633,...
 -0.00188681,...
 -0.0021811,...
 -0.00245088,...
 -0.00268697,...
 -0.00287915,...
 -0.00301597,...
 -0.00308439,...
 -0.00306955,...
 -0.00295441,...
 -0.00271957,...
 -0.00234311,...
 -0.00180064,...
 -0.00106548,...
 -0.000108978,...
 0.0010992,...
 0.00259098,...
 0.00440063,...
 0.0065669,...
 0.00913792,...
 0.0121804,...
 0.0157959,...
 0.0201466,...
 0.0254966,...
 0.0322736,...
 0.0411588,...
 0.0532157];
