vap=[0,...
 0,...
 18.6207,...
 48.0567,...
 55.7813,...
 179.921];

vep=[[1,...
 0,...
 0,...
 0,...
 0,...
 0]
[0,...
 1,...
 0,...
 0,...
 0,...
 0]
[0,...
 0,...
 0.996862,...
 0,...
 0.0788311,...
 0]
[0,...
 0,...
 0,...
 0.998781,...
 0,...
 0.00377724]
[0,...
 0,...
 -0.0790006,...
 0,...
 0.987817,...
 0]
[0,...
 0,...
 0,...
 -0.0127094,...
 0,...
 0.978718]
];