x=[-22,...
 -21.45,...
 -20.9,...
 -20.35,...
 -19.8,...
 -19.25,...
 -18.7,...
 -18.15,...
 -17.6,...
 -17.05,...
 -16.5,...
 -15.95,...
 -15.4,...
 -14.85,...
 -14.3,...
 -13.75,...
 -13.2,...
 -12.65,...
 -12.1,...
 -11.55,...
 -11,...
 -10.45,...
 -9.9,...
 -9.35,...
 -8.8,...
 -8.25,...
 -7.7,...
 -7.15,...
 -6.6,...
 -6.05,...
 -5.5,...
 -4.95,...
 -4.4,...
 -3.85,...
 -3.3,...
 -2.75,...
 -2.2,...
 -1.65,...
 -1.1,...
 -0.55,...
 1.594281e-14,...
 0.55,...
 1.1,...
 1.65,...
 2.2,...
 2.75,...
 3.3,...
 3.85,...
 4.4,...
 4.95,...
 5.5,...
 6.05,...
 6.6,...
 7.15,...
 7.7,...
 8.25,...
 8.8,...
 9.35,...
 9.9,...
 10.45,...
 11,...
 11.55,...
 12.1,...
 12.65,...
 13.2,...
 13.75,...
 14.3,...
 14.85,...
 15.4,...
 15.95,...
 16.5,...
 17.05,...
 17.6,...
 18.15,...
 18.7,...
 19.25,...
 19.8,...
 20.35,...
 20.9,...
 21.45,...
 22];

grafic=[[0.003375,...
 0.003375,...
 0.003375,...
 0.003375,...
 0.003375,...
 0.003375,...
 0.003375,...
 0.003375,...
 0.003375,...
 0.003375,...
 0.003375,...
 0.003375,...
 0.003375,...
 0.003375,...
 0.003375,...
 0.003375,...
 0.003375,...
 0.003375,...
 0.003375,...
 0.003375,...
 0.003375,...
 0.003375,...
 0.003375,...
 0.003375,...
 0.003375,...
 0.003375,...
 0.003375,...
 0.003375,...
 0.003375,...
 0.003375,...
 0.003375,...
 0.003375,...
 0.003375,...
 0.003375,...
 0.003375,...
 0.003375,...
 0.003375,...
 0.003375,...
 0.003375,...
 0.003375,...
 0.003375,...
 0.003375,...
 0.003375,...
 0.003375,...
 0.003375,...
 0.003375,...
 0.003375,...
 0.003375,...
 0.003375,...
 0.003375,...
 0.003375,...
 0.003375,...
 0.003375,...
 0.003375,...
 0.003375,...
 0.003375,...
 0.003375,...
 0.003375,...
 0.003375,...
 0.003375,...
 0.003375,...
 0.003375,...
 0.003375,...
 0.003375,...
 0.003375,...
 0.003375,...
 0.003375,...
 0.003375,...
 0.003375,...
 0.003375,...
 0.003375,...
 0.003375,...
 0.003375,...
 0.003375,...
 0.003375,...
 0.003375,...
 0.003375,...
 0.003375,...
 0.003375,...
 0.003375,...
 0.003375];
[-0.010379,...
 -0.01012,...
 -0.00986,...
 -0.009601,...
 -0.009341,...
 -0.009082,...
 -0.008822,...
 -0.008563,...
 -0.008303,...
 -0.008044,...
 -0.007784,...
 -0.007525,...
 -0.007265,...
 -0.007006,...
 -0.006746,...
 -0.006487,...
 -0.006227,...
 -0.005968,...
 -0.005708,...
 -0.005449,...
 -0.00519,...
 -0.00493,...
 -0.004671,...
 -0.004411,...
 -0.004152,...
 -0.003892,...
 -0.003633,...
 -0.003373,...
 -0.003114,...
 -0.002854,...
 -0.002595,...
 -0.002335,...
 -0.002076,...
 -0.001816,...
 -0.001557,...
 -0.001297,...
 -0.001038,...
 -0.000778,...
 -0.000519,...
 -0.000259,...
 7.480579e-18,...
 0.000259,...
 0.000519,...
 0.000778,...
 0.001038,...
 0.001297,...
 0.001557,...
 0.001816,...
 0.002076,...
 0.002335,...
 0.002595,...
 0.002854,...
 0.003114,...
 0.003373,...
 0.003633,...
 0.003892,...
 0.004152,...
 0.004411,...
 0.004671,...
 0.00493,...
 0.00519,...
 0.005449,...
 0.005708,...
 0.005968,...
 0.006227,...
 0.006487,...
 0.006746,...
 0.007006,...
 0.007265,...
 0.007525,...
 0.007784,...
 0.008044,...
 0.008303,...
 0.008563,...
 0.008822,...
 0.009082,...
 0.009341,...
 0.009601,...
 0.00986,...
 0.01012,...
 0.010379];
[0.024159,...
 0.022316,...
 0.020662,...
 0.019144,...
 0.017728,...
 0.016392,...
 0.015126,...
 0.013923,...
 0.012779,...
 0.011692,...
 0.010661,...
 0.009684,...
 0.008761,...
 0.007888,...
 0.007064,...
 0.006288,...
 0.005556,...
 0.004868,...
 0.00422,...
 0.003611,...
 0.003038,...
 0.0025,...
 0.001996,...
 0.001524,...
 0.001082,...
 0.000669,...
 0.000286,...
 -7.064755e-05,...
 -0.0004,...
 -0.000702,...
 -0.000978,...
 -0.001228,...
 -0.001452,...
 -0.00165,...
 -0.001822,...
 -0.001968,...
 -0.002087,...
 -0.00218,...
 -0.002247,...
 -0.002287,...
 -0.0023,...
 -0.002287,...
 -0.002247,...
 -0.00218,...
 -0.002087,...
 -0.001968,...
 -0.001822,...
 -0.00165,...
 -0.001452,...
 -0.001228,...
 -0.000978,...
 -0.000702,...
 -0.0004,...
 -7.064755e-05,...
 0.000286,...
 0.000669,...
 0.001082,...
 0.001524,...
 0.001996,...
 0.0025,...
 0.003038,...
 0.003611,...
 0.00422,...
 0.004868,...
 0.005556,...
 0.006288,...
 0.007064,...
 0.007888,...
 0.008761,...
 0.009684,...
 0.010661,...
 0.011692,...
 0.012779,...
 0.013923,...
 0.015126,...
 0.016392,...
 0.017728,...
 0.019144,...
 0.020662,...
 0.022316,...
 0.024159];
[-0.044456,...
 -0.038248,...
 -0.033243,...
 -0.029077,...
 -0.025509,...
 -0.022374,...
 -0.019567,...
 -0.017019,...
 -0.014688,...
 -0.012544,...
 -0.01057,...
 -0.008752,...
 -0.00708,...
 -0.005547,...
 -0.004143,...
 -0.002864,...
 -0.001703,...
 -0.000653,...
 0.000289,...
 0.001127,...
 0.001866,...
 0.002508,...
 0.003055,...
 0.003509,...
 0.003872,...
 0.004146,...
 0.004333,...
 0.004435,...
 0.004455,...
 0.004395,...
 0.00426,...
 0.004053,...
 0.003781,...
 0.003448,...
 0.00306,...
 0.002625,...
 0.00215,...
 0.001641,...
 0.001108,...
 0.000558,...
 1.023334e-15,...
 -0.000558,...
 -0.001108,...
 -0.001641,...
 -0.00215,...
 -0.002625,...
 -0.00306,...
 -0.003448,...
 -0.003781,...
 -0.004053,...
 -0.00426,...
 -0.004395,...
 -0.004455,...
 -0.004435,...
 -0.004333,...
 -0.004146,...
 -0.003872,...
 -0.003509,...
 -0.003055,...
 -0.002508,...
 -0.001866,...
 -0.001127,...
 -0.000289,...
 0.000653,...
 0.001703,...
 0.002864,...
 0.004143,...
 0.005547,...
 0.00708,...
 0.008752,...
 0.01057,...
 0.012544,...
 0.014688,...
 0.017019,...
 0.019567,...
 0.022374,...
 0.025509,...
 0.029077,...
 0.033243,...
 0.038248,...
 0.044456];
[0.053216,...
 0.041159,...
 0.032274,...
 0.025497,...
 0.020147,...
 0.015796,...
 0.01218,...
 0.009138,...
 0.006567,...
 0.004401,...
 0.002591,...
 0.001099,...
 -0.000109,...
 -0.001065,...
 -0.001801,...
 -0.002343,...
 -0.00272,...
 -0.002954,...
 -0.00307,...
 -0.003084,...
 -0.003016,...
 -0.002879,...
 -0.002687,...
 -0.002451,...
 -0.002181,...
 -0.001887,...
 -0.001576,...
 -0.001257,...
 -0.000937,...
 -0.000621,...
 -0.000315,...
 -2.54091e-05,...
 0.000244,...
 0.00049,...
 0.000709,...
 0.000898,...
 0.001055,...
 0.001179,...
 0.001268,...
 0.001322,...
 0.00134,...
 0.001322,...
 0.001268,...
 0.001179,...
 0.001055,...
 0.000898,...
 0.000709,...
 0.00049,...
 0.000244,...
 -2.54091e-05,...
 -0.000315,...
 -0.000621,...
 -0.000937,...
 -0.001257,...
 -0.001576,...
 -0.001887,...
 -0.002181,...
 -0.002451,...
 -0.002687,...
 -0.002879,...
 -0.003016,...
 -0.003084,...
 -0.00307,...
 -0.002954,...
 -0.00272,...
 -0.002343,...
 -0.001801,...
 -0.001065,...
 -0.000109,...
 0.001099,...
 0.002591,...
 0.004401,...
 0.006567,...
 0.009138,...
 0.01218,...
 0.015796,...
 0.020147,...
 0.025497,...
 0.032274,...
 0.041159,...
 0.053216];
[-0.069918,...
 -0.039726,...
 -0.019834,...
 -0.006743,...
 0.001879,...
 0.007553,...
 0.011248,...
 0.013569,...
 0.014894,...
 0.015456,...
 0.015409,...
 0.014862,...
 0.013903,...
 0.012609,...
 0.011055,...
 0.009311,...
 0.007443,...
 0.005515,...
 0.003583,...
 0.001697,...
 -0.000102,...
 -0.001778,...
 -0.003305,...
 -0.004662,...
 -0.005835,...
 -0.006812,...
 -0.007588,...
 -0.00816,...
 -0.008527,...
 -0.008691,...
 -0.008657,...
 -0.00843,...
 -0.00802,...
 -0.007438,...
 -0.006697,...
 -0.005813,...
 -0.004806,...
 -0.003697,...
 -0.002509,...
 -0.001268,...
 1.851302e-14,...
 0.001268,...
 0.002509,...
 0.003697,...
 0.004806,...
 0.005813,...
 0.006697,...
 0.007438,...
 0.00802,...
 0.00843,...
 0.008657,...
 0.008691,...
 0.008527,...
 0.00816,...
 0.007588,...
 0.006812,...
 0.005835,...
 0.004662,...
 0.003305,...
 0.001778,...
 0.000102,...
 -0.001697,...
 -0.003583,...
 -0.005515,...
 -0.007443,...
 -0.009311,...
 -0.011055,...
 -0.012609,...
 -0.013903,...
 -0.014862,...
 -0.015409,...
 -0.015456,...
 -0.014894,...
 -0.013569,...
 -0.011248,...
 -0.007553,...
 -0.001879,...
 0.006743,...
 0.019834,...
 0.039726,...
 0.069918];
];

yo=[0.003375,...
 -4.083536e-20,...
 -0.0023,...
 1.039558e-15,...
 0.00134,...
 1.847613e-14,...
 -0.000624];

np=80;
np2=50;
NPERIOD=2;
T=1;
F0=150000;
NMOD=5;

