vap=[0,...
 0,...
 18.620737,...
 48.056714,...
 55.7813,...
 179.921165];

vep=[[1,...
 0,...
 0,...
 0,...
 0,...
 0]
[0,...
 1,...
 0,...
 0,...
 0,...
 0]
[0,...
 0,...
 0.996862,...
 0,...
 0.078831,...
 0]
[0,...
 0,...
 0,...
 0.998781,...
 0,...
 0.003777]
[0,...
 0,...
 -0.079001,...
 0,...
 0.987817,...
 0]
[0,...
 0,...
 0,...
 -0.012709,...
 0,...
 0.978718]
];