S1(           3)=   0.123584600528191D-001;
S2(           3)=  -0.143207879160757D-001;
S1(           4)=   0.123584583206164D-001;
S2(           4)=  -0.143154264435118D-001;
S1(           5)=   0.123584583212647D-001;
S2(           5)=  -0.143154284500096D-001;
S1(           6)=   0.123584583212644D-001;
S2(           6)=  -0.143154284492587D-001;
S1(           7)=   0.123584583212644D-001;
S2(           7)=  -0.143154284492590D-001;
S1(           8)=   0.123584583212644D-001;
S2(           8)=  -0.143154284492590D-001;
S1(           9)=   0.123584583212644D-001;
S2(           9)=  -0.143154284492590D-001;
S1(          10)=   0.123584583212644D-001;
S2(          10)=  -0.143154284492590D-001;
S1(          11)=   0.123584583212644D-001;
S2(          11)=  -0.143154284492590D-001;
S1(          12)=   0.123584583212644D-001;
S2(          12)=  -0.143154284492590D-001;
S1(          13)=   0.123584583212644D-001;
S2(          13)=  -0.143154284492590D-001;
S1(          14)=   0.123584583212644D-001;
S2(          14)=  -0.143154284492590D-001;
S1(          15)=   0.123584583212644D-001;
S2(          15)=  -0.143154284492590D-001;
S1(          16)=   0.123584583212644D-001;
S2(          16)=  -0.143154284492590D-001;
S1(          17)=   0.123584583212644D-001;
S2(          17)=  -0.143154284492590D-001;
S1(          18)=   0.123584583212644D-001;
S2(          18)=  -0.143154284492590D-001;
S1(          19)=   0.123584583212644D-001;
S2(          19)=  -0.143154284492590D-001;
S1(          20)=   0.123584583212644D-001;
S2(          20)=  -0.143154284492590D-001;
S1(          21)=   0.123584583212644D-001;
S2(          21)=  -0.143154284492590D-001;
S1(          22)=   0.123584583212644D-001;
S2(          22)=  -0.143154284492590D-001;
S1(          23)=   0.123584583212644D-001;
S2(          23)=  -0.143154284492590D-001;
S1(          24)=   0.123584583212644D-001;
S2(          24)=  -0.143154284492590D-001;
S1(          25)=   0.123584583212644D-001;
S2(          25)=  -0.143154284492590D-001;
S1(          26)=   0.123584583212644D-001;
S2(          26)=  -0.143154284492590D-001;
S1(          27)=   0.123584583212644D-001;
S2(          27)=  -0.143154284492590D-001;
S1(          28)=   0.123584583212644D-001;
S2(          28)=  -0.143154284492590D-001;
S1(          29)=   0.123584583212644D-001;
S2(          29)=  -0.143154284492590D-001;
S1(          30)=   0.123584583212644D-001;
S2(          30)=  -0.143154284492590D-001;
S1(          31)=   0.123584583212644D-001;
S2(          31)=  -0.143154284492590D-001;
S1(          32)=   0.123584583212644D-001;
S2(          32)=  -0.143154284492590D-001;
S1(          33)=   0.123584583212644D-001;
S2(          33)=  -0.143154284492590D-001;
S1(          34)=   0.123584583212644D-001;
S2(          34)=  -0.143154284492590D-001;
S1(          35)=   0.123584583212644D-001;
S2(          35)=  -0.143154284492590D-001;
S1(          36)=   0.123584583212644D-001;
S2(          36)=  -0.143154284492590D-001;
S1(          37)=   0.123584583212644D-001;
S2(          37)=  -0.143154284492590D-001;
S1(          38)=   0.123584583212644D-001;
S2(          38)=  -0.143154284492590D-001;
S1(          39)=   0.123584583212644D-001;
S2(          39)=  -0.143154284492590D-001;
S1(          40)=   0.123584583212644D-001;
S2(          40)=  -0.143154284492590D-001;
u(           1,           1)=    20.0000000000000     ;
t(           1)=   0.000000000000000     ;
u(           2,           1)=   0.000000000000000     ;
t(           1)=   0.000000000000000     ;
u(           3,           1)=   0.000000000000000     ;
t(           1)=   0.000000000000000     ;
u(           4,           1)=   0.000000000000000     ;
t(           1)=   0.000000000000000     ;
u(           5,           1)=   0.000000000000000     ;
t(           1)=   0.000000000000000     ;
u(           6,           1)=   0.000000000000000     ;
t(           1)=   0.000000000000000     ;
u(           7,           1)=   0.000000000000000     ;
t(           1)=   0.000000000000000     ;
u(           8,           1)=   0.000000000000000     ;
t(           1)=   0.000000000000000     ;
u(           9,           1)=   0.000000000000000     ;
t(           1)=   0.000000000000000     ;
u(          10,           1)=   0.000000000000000     ;
t(           1)=   0.000000000000000     ;
u(          11,           1)=   0.000000000000000     ;
t(           1)=   0.000000000000000     ;
u(          12,           1)=   0.000000000000000     ;
t(           1)=   0.000000000000000     ;
u(          13,           1)=   0.000000000000000     ;
t(           1)=   0.000000000000000     ;
u(          14,           1)=   0.000000000000000     ;
t(           1)=   0.000000000000000     ;
u(          15,           1)=   0.000000000000000     ;
t(           1)=   0.000000000000000     ;
u(          16,           1)=   0.000000000000000     ;
t(           1)=   0.000000000000000     ;
u(          17,           1)=   0.000000000000000     ;
t(           1)=   0.000000000000000     ;
u(          18,           1)=   0.000000000000000     ;
t(           1)=   0.000000000000000     ;
u(          19,           1)=   0.000000000000000     ;
t(           1)=   0.000000000000000     ;
u(          20,           1)=   0.000000000000000     ;
t(           1)=   0.000000000000000     ;
u(          21,           1)=   0.000000000000000     ;
t(           1)=   0.000000000000000     ;
u(          22,           1)=   0.000000000000000     ;
t(           1)=   0.000000000000000     ;
u(          23,           1)=   0.000000000000000     ;
t(           1)=   0.000000000000000     ;
u(          24,           1)=   0.000000000000000     ;
t(           1)=   0.000000000000000     ;
u(          25,           1)=   0.000000000000000     ;
t(           1)=   0.000000000000000     ;
u(          26,           1)=   0.000000000000000     ;
t(           1)=   0.000000000000000     ;
u(          27,           1)=   0.000000000000000     ;
t(           1)=   0.000000000000000     ;
u(          28,           1)=   0.000000000000000     ;
t(           1)=   0.000000000000000     ;
u(          29,           1)=   0.000000000000000     ;
t(           1)=   0.000000000000000     ;
u(          30,           1)=   0.000000000000000     ;
t(           1)=   0.000000000000000     ;
u(          31,           1)=   0.000000000000000     ;
t(           1)=   0.000000000000000     ;
u(          32,           1)=   0.000000000000000     ;
t(           1)=   0.000000000000000     ;
u(          33,           1)=   0.000000000000000     ;
t(           1)=   0.000000000000000     ;
u(          34,           1)=   0.000000000000000     ;
t(           1)=   0.000000000000000     ;
u(          35,           1)=   0.000000000000000     ;
t(           1)=   0.000000000000000     ;
u(          36,           1)=   0.000000000000000     ;
t(           1)=   0.000000000000000     ;
u(          37,           1)=   0.000000000000000     ;
t(           1)=   0.000000000000000     ;
u(          38,           1)=   0.000000000000000     ;
t(           1)=   0.000000000000000     ;
u(          39,           1)=   0.000000000000000     ;
t(           1)=   0.000000000000000     ;
u(          40,           1)=   0.000000000000000     ;
t(           1)=   0.000000000000000     ;
u(          41,           1)=   0.000000000000000     ;
t(           1)=   0.000000000000000     ;
 u(           1,           2)=    20.0000000000000     ;
t(           2)=    4.00000000000000     ;
 u(           2,           2)=    18.8794835643549     ;
t(           2)=    4.00000000000000     ;
 u(           3,           2)=    17.5302271131205     ;
t(           2)=    4.00000000000000     ;
 u(           4,           2)=    15.9869612255835     ;
t(           2)=    4.00000000000000     ;
 u(           5,           2)=    14.3000439477517     ;
t(           2)=    4.00000000000000     ;
 u(           6,           2)=    12.5308915582613     ;
