p(101)=0;
p(1)=5.000000000000000E-01;
p(2)=5.198000000000000E-01;
p(3)=5.392000000000000E-01;
p(4)=5.582000000000000E-01;
p(5)=5.768000000000000E-01;
p(6)=5.950000000000000E-01;
p(7)=6.128000000000000E-01;
p(8)=6.302000000000001E-01;
p(9)=6.472000000000000E-01;
p(10)=6.637999999999999E-01;
p(11)=6.799999999999999E-01;
p(12)=6.958000000000000E-01;
p(13)=7.112000000000001E-01;
p(14)=7.262000000000000E-01;
p(15)=7.407999999999999E-01;
p(16)=7.550000000000000E-01;
p(17)=7.687999999999999E-01;
p(18)=7.822000000000000E-01;
p(19)=7.952000000000000E-01;
p(20)=8.078000000000001E-01;
p(21)=8.200000000000001E-01;
p(22)=8.318000000000000E-01;
p(23)=8.431999999999999E-01;
p(24)=8.542000000000000E-01;
p(25)=8.648000000000000E-01;
p(26)=8.750000000000000E-01;
p(27)=8.848000000000000E-01;
p(28)=8.942000000000000E-01;
p(29)=9.032000000000000E-01;
p(30)=9.117999999999999E-01;
p(31)=9.200000000000000E-01;
p(32)=9.278000000000000E-01;
p(33)=9.352000000000000E-01;
p(34)=9.422000000000000E-01;
p(35)=9.488000000000000E-01;
p(36)=9.550000000000000E-01;
p(37)=9.608000000000000E-01;
p(38)=9.661999999999999E-01;
p(39)=9.712000000000000E-01;
p(40)=9.758000000000000E-01;
p(41)=9.800000000000000E-01;
p(42)=9.838000000000000E-01;
p(43)=9.872000000000000E-01;
p(44)=9.902000000000000E-01;
p(45)=9.928000000000000E-01;
p(46)=9.950000000000000E-01;
p(47)=9.968000000000000E-01;
p(48)=9.982000000000000E-01;
p(49)=9.992000000000000E-01;
p(50)=9.998000000000000E-01;
p(51)=1.000000000000000E+00;
p(52)=9.998000000000000E-01;
p(53)=9.992000000000000E-01;
p(54)=9.982000000000000E-01;
p(55)=9.968000000000000E-01;
p(56)=9.950000000000000E-01;
p(57)=9.928000000000000E-01;
p(58)=9.902000000000000E-01;
p(59)=9.872000000000000E-01;
p(60)=9.838000000000000E-01;
p(61)=9.800000000000000E-01;
p(62)=9.758000000000000E-01;
p(63)=9.712000000000000E-01;
p(64)=9.661999999999999E-01;
p(65)=9.608000000000000E-01;
p(66)=9.550000000000000E-01;
p(67)=9.488000000000000E-01;
p(68)=9.422000000000000E-01;
p(69)=9.352000000000000E-01;
p(70)=9.278000000000000E-01;
p(71)=9.200000000000000E-01;
p(72)=9.117999999999999E-01;
p(73)=9.032000000000000E-01;
p(74)=8.942000000000000E-01;
p(75)=8.848000000000000E-01;
p(76)=8.750000000000000E-01;
p(77)=8.648000000000000E-01;
p(78)=8.542000000000000E-01;
p(79)=8.431999999999999E-01;
p(80)=8.318000000000000E-01;
p(81)=8.200000000000001E-01;
p(82)=8.078000000000001E-01;
p(83)=7.952000000000000E-01;
p(84)=7.822000000000000E-01;
p(85)=7.687999999999999E-01;
p(86)=7.550000000000000E-01;
p(87)=7.407999999999999E-01;
p(88)=7.262000000000000E-01;
p(89)=7.112000000000001E-01;
p(90)=6.958000000000000E-01;
p(91)=6.799999999999999E-01;
p(92)=6.637999999999999E-01;
p(93)=6.472000000000000E-01;
p(94)=6.302000000000001E-01;
p(95)=6.128000000000000E-01;
p(96)=5.950000000000000E-01;
p(97)=5.768000000000000E-01;
p(98)=5.582000000000000E-01;
p(99)=5.392000000000000E-01;
p(100)=5.198000000000000E-01;
p(101)=5.000000000000000E-01;
dp(101)=0;
dp(1)=9.942264973081068E-03;
dp(2)=9.815470053837922E-03;
dp(3)=9.595854811567260E-03;
dp(4)=9.401110699893019E-03;
dp(5)=9.199702388860609E-03;
dp(6)=9.000079744664460E-03;
dp(7)=8.799978632481605E-03;
dp(8)=8.600005725409306E-03;
dp(9)=8.399998465881147E-03;
dp(10)=8.200000411065883E-03;
dp(11)=7.999999889855227E-03;
dp(12)=7.800000029513247E-03;
dp(13)=7.599999992091959E-03;
dp(14)=7.400000002118888E-03;
dp(15)=7.199999999432262E-03;
dp(16)=7.000000000152137E-03;
dp(17)=6.799999999959228E-03;
dp(18)=6.600000000010956E-03;
dp(19)=6.399999999997085E-03;
dp(20)=6.200000000000806E-03;
dp(21)=5.999999999999759E-03;
dp(22)=5.800000000000023E-03;
dp(23)=5.599999999999978E-03;
dp(24)=5.400000000000028E-03;
dp(25)=5.200000000000008E-03;
dp(26)=5.000000000000005E-03;
dp(27)=4.799999999999998E-03;
dp(28)=4.599999999999996E-03;
dp(29)=4.399999999999977E-03;
dp(30)=4.200000000000019E-03;
dp(31)=4.000000000000004E-03;
dp(32)=3.799999999999986E-03;
dp(33)=3.600000000000039E-03;
dp(34)=3.399999999999976E-03;
dp(35)=3.199999999999974E-03;
dp(36)=3.000000000000011E-03;
dp(37)=2.799999999999997E-03;
dp(38)=2.599999999999982E-03;
dp(39)=2.400000000000023E-03;
dp(40)=2.200000000000005E-03;
dp(41)=2.000000000000002E-03;
dp(42)=1.799999999999999E-03;
dp(43)=1.599999999999980E-03;
dp(44)=1.400000000000023E-03;
dp(45)=1.200000000000004E-03;
dp(46)=1.000000000000001E-03;
dp(47)=7.999999999999978E-04;
dp(48)=5.999999999999793E-04;
dp(49)=4.000000000000215E-04;
dp(50)=2.000000000000032E-04;
dp(51)=-2.710505431213761E-20;
dp(52)=-2.000000000000032E-04;
dp(53)=-4.000000000000215E-04;
dp(54)=-5.999999999999793E-04;
dp(55)=-7.999999999999978E-04;
dp(56)=-1.000000000000001E-03;
dp(57)=-1.200000000000004E-03;
dp(58)=-1.400000000000022E-03;
dp(59)=-1.599999999999980E-03;
dp(60)=-1.799999999999998E-03;
dp(61)=-2.000000000000002E-03;
dp(62)=-2.200000000000005E-03;
dp(63)=-2.400000000000023E-03;
dp(64)=-2.599999999999982E-03;
dp(65)=-2.799999999999997E-03;
dp(66)=-3.000000000000011E-03;
dp(67)=-3.199999999999974E-03;
dp(68)=-3.399999999999976E-03;
dp(69)=-3.600000000000039E-03;
dp(70)=-3.799999999999986E-03;
dp(71)=-4.000000000000004E-03;
dp(72)=-4.200000000000019E-03;
dp(73)=-4.399999999999978E-03;
dp(74)=-4.599999999999996E-03;
dp(75)=-4.799999999999998E-03;
dp(76)=-5.000000000000005E-03;
dp(77)=-5.200000000000007E-03;
dp(78)=-5.400000000000027E-03;
dp(79)=-5.599999999999977E-03;
dp(80)=-5.800000000000024E-03;
dp(81)=-5.999999999999760E-03;
dp(82)=-6.200000000000806E-03;
dp(83)=-6.399999999997085E-03;
dp(84)=-6.600000000010956E-03;
dp(85)=-6.799999999959228E-03;
dp(86)=-7.000000000152137E-03;
dp(87)=-7.199999999432262E-03;
dp(88)=-7.400000002118889E-03;
dp(89)=-7.599999992091959E-03;
dp(90)=-7.800000029513247E-03;
dp(91)=-7.999999889855228E-03;
dp(92)=-8.200000411065885E-03;
dp(93)=-8.399998465881147E-03;
dp(94)=-8.600005725409306E-03;
dp(95)=-8.799978632481604E-03;
dp(96)=-9.000079744664460E-03;
dp(97)=-9.199702388860611E-03;
dp(98)=-9.401110699893019E-03;
dp(99)=-9.595854811567260E-03;
dp(100)=-9.815470053837922E-03;
dp(101)=-9.942264973081068E-03;
x(101)=0;
x(1)=0.000000000000000E+00;
x(2)=2.000000000000000E+00;
x(3)=4.000000000000000E+00;
x(4)=6.000000000000000E+00;
x(5)=8.000000000000000E+00;
x(6)=1.000000000000000E+01;
x(7)=1.200000000000000E+01;
x(8)=1.400000000000000E+01;
x(9)=1.600000000000000E+01;
x(10)=1.800000000000000E+01;
x(11)=2.000000000000000E+01;
x(12)=2.200000000000000E+01;
x(13)=2.400000000000000E+01;
x(14)=2.600000000000000E+01;
x(15)=2.800000000000000E+01;
x(16)=3.000000000000000E+01;
x(17)=3.200000000000000E+01;
x(18)=3.400000000000000E+01;
x(19)=3.600000000000000E+01;
x(20)=3.800000000000000E+01;
x(21)=4.000000000000000E+01;
x(22)=4.200000000000000E+01;
x(23)=4.400000000000000E+01;
x(24)=4.600000000000000E+01;
x(25)=4.800000000000000E+01;
x(26)=5.000000000000000E+01;
x(27)=5.200000000000000E+01;
x(28)=5.400000000000000E+01;
x(29)=5.600000000000000E+01;
x(30)=5.800000000000000E+01;
x(31)=6.000000000000000E+01;
x(32)=6.200000000000000E+01;
x(33)=6.400000000000000E+01;
x(34)=6.600000000000000E+01;
x(35)=6.800000000000000E+01;
x(36)=7.000000000000000E+01;
x(37)=7.200000000000000E+01;
x(38)=7.400000000000000E+01;
x(39)=7.600000000000000E+01;
x(40)=7.800000000000000E+01;
x(41)=8.000000000000000E+01;
x(42)=8.200000000000000E+01;
x(43)=8.400000000000000E+01;
x(44)=8.600000000000000E+01;
x(45)=8.800000000000000E+01;
x(46)=9.000000000000000E+01;
x(47)=9.200000000000000E+01;
x(48)=9.400000000000000E+01;
x(49)=9.600000000000000E+01;
x(50)=9.800000000000000E+01;
x(51)=1.000000000000000E+02;
x(52)=1.020000000000000E+02;
x(53)=1.040000000000000E+02;
x(54)=1.060000000000000E+02;
x(55)=1.080000000000000E+02;
x(56)=1.100000000000000E+02;
x(57)=1.120000000000000E+02;
x(58)=1.140000000000000E+02;
x(59)=1.160000000000000E+02;
x(60)=1.180000000000000E+02;
x(61)=1.200000000000000E+02;
x(62)=1.220000000000000E+02;
x(63)=1.240000000000000E+02;
x(64)=1.260000000000000E+02;
x(65)=1.280000000000000E+02;
x(66)=1.300000000000000E+02;
x(67)=1.320000000000000E+02;
x(68)=1.340000000000000E+02;
